1053269506
927268861
666013747
626817012
584362860
683400278
1071132050
150237282
677576992
181685647
1042859919
744101999
893946045
195307491
637773562
229358226
761542053
266235886
984424839
502111343
746026706
613607048
532569958
832386944
652485108
190110736
183954301
383830845
956799433
1034444700
725397570
1015266413
815204764
902201044
1054589768
1015895263
540126665
375004982
648279800
702658788
497021225
860736648
947934112
398128067
909264186
496655798
992854285
586195894
394001014
539302570
503034460
924467657
599990882
765454981
978569367
1034087265
915350162
549265577
679425345
1040787280
399948959
975195925
1070449636
1055189529
1047018350
378818504
504013708
1066062445
685210572
1063437133
345115362
707319736
432949899
966080993
229063958
541814914
1020454835
896886193
119865230
784845765
298581583
1044378512
509781669
810883036
758417519
261300178
243594675
788528583
221912409
331993025
1022814462
908349019
550097049
1054765512
47517272
680891069
326056104
881300753
215825720
859063166
1071814737
255880270
456098447
984041679
781158329
894188800
845677006
1047967205
1072937812
321910493
834918294
761129125
504433578
912849859
727208278
195733659
773324412
870699281
867148806
1071538727
15218097
1047579649
249818266
1070302315
817344047
1005072474
822531329
450136717
465985530
1027251108
503432857
705028204
932074102
1060956419
530421430
969801906
187981070
1055399361
947088271
478610902
407224624
1066302803
1033756499
660235280
729788820
1046484721
78290054
514785563
402447239
878669001
215001303
784789108
985745066
165113235
465138704
1022119634
724044092
823876932
983198909
922290495
930632763
397935318
745191967
732358880
910178394
697203257
788019751
95293359
1060067711
547020478
824968837
610711759
324872450
817849572
275969336
371813912
876176323
514702619
985908310
1000366992
955285682
338070452
673713037
496650250
268262470
989562473
158493302
161719732
136310762
994914567
1065316093
663973288
468157010
1031753915
1071448733
685518623
603410165
1070362430
290970996
817523546
1039199511
637187239
683743601
779156763
877551058
531546534
1056586484
1055759544
296408114
602124534
733225304
642679284
209719037
817795930
116000088
754251759
901372133
341675052
1069897694
307233034
452325083
1073625872
1059486689
242999685
226565394
516604413
980260975
665303945
148093222
48180813
82245282
264735688
394641701
698801304
871580762
412601583
64879889
974871215
609496987
769125215
1068293768
702874756
955934544
1053585605
583311974
890311303
575347887
739937325
579332667
1047536517
1005652648
1029639363
960683162
198112149
505343797
441866632
1068208083
675984281
181168693
329940724
678422708
1056439406
199927486
1022032885
1039094220
147506570
173291516
799110057
293241754
503700889
1002954701
950490092
1070266248
366059302
994633940
875787707
1045260475
262432728
340290329
695082234
612086701
48786751
302927531
868950866
965413841
384907084
608189280
312987222
162489344
68240449
929714502
423179692
593020409
37773846
7328425
378488499
222229198
230755628
514200969
264418831
435435567
174243729
57701175
339530006
624035655
207049565
565906012
1056951069
835775036
432241183
483148477
929253272
448831784
205870806
714408371
602726873
766479726
795089189
712369354
789469316
1061824596
759952332
670689740
6721166
493028215
577254551
678340633
1056669792
499962087
92982268
619874243
511228854
811526506
917155159
831910988
1003457956
823854039
154871870
736070369
946677487
348207473
200039562
1065189083
704085641
219133789
1029530982
1049254432
464424628
784783261
1021044629
1047326152
231826527
796827202
34953027
476834515
677152499
785208003
950017435
418128161
496303309
791734186
531080441
561132761
392783133
1061460993
1070577055
998244824
220367168
1016996548
1071715639
1031481427
213667317
1020872199
1071468447
1068461382
541442578
701731022
185081772
1055836200
1037409495
487608970
42028398
96411903
813681598
672401869
722987939
950873607
899872055
868514892
987278092
443460691
1055693661
223248346
1073045678
285107792
691979992
902160095
1070092165
952523204
786111672
289585097
918059692
201179560
1068614547
954978636
968292979
954921402
542606648
971989750
455462348
169114752
940296185
9235012
520072861
946266013
757542735
1048859259
936529964
494115332
235266845
256934877
195796231
548766201
969145564
935329629
222432085
661283502
1054388337
967973369
984323807
888876209
410160522
501175119
1054035689
682989125
425626861
1046373780
44587953
35518087
875357885
883969487
751014163
386951864
854070833
609472086
259224247
504518602
15819769
584831949
687338306
480857884
77913363
664555510
356973930
408749810
970882818
688247720
715030233
1070913923
985640844
578974641
132093312
992011673
1067429096
568987188
100713281
723364013
528079683
231655562
837701348
270003795
665850228
149856835
98561541
864056404
781758431
468743962
534128311
667431140
778144242
368111112
269365598
767530551
237743663
845511318
383418512
1060542615
644459802
248138722
314546596
576027792
1059507432
998983451
971499398
971975822
959590576
785628644
102631553
209707256
810768634
203255708
632956819
248865553
323339894
904863114
518998264
516548293
850885094
790251050
646865180
752013327
241939822
259980968
720189212
1020903747
266306939
239106431
1052918860
899917075
766684148
246496315
885334481
290150811
1021285166
650032233
1048557566
171506355
214130341
871159778
1024558098
716859165
769442683
1064787750
439935769
215237306
1024742208
1014460947
439573705
582869958
101255730
740281911
632701910
801325131
1069042591
345588308
1004776677
970912170
330922733
788489208
107581942
296574947
1024790161
46982126
995319201
1040759790
175751064
79318969
543749167
562841967
786493021
14506578
1055250433
134917256
457220655
1009780396
478714590
736580090
907503862
917881446
987693554
176085573
507934241
1022687963
837761859
985646928
872263242
769039883
579152431
137276220
946593022
921117386
966942383
959700502
798786970
945013344
1062589702
605199953
654260947
64777780
934213400
986159223
694448980
666031163
501069937
464185077
846977080
350330140
667086043
805857469
130386920
584866430
1017637731
751098249
589779489
690461518
905570980
434151100
969699707
1061658598
1071840643
973028659
548870050
997150396
759715241
568519627
1019212174
939941143
1037757171
989518821
664760024
773178961
767794924
4504304
531815797
612004174
1007500157
1057650645
788586324
599463045
92918545
777172767
148051935
1015526208
848767034
315986302
191473711
230436644
1038690228
1063294660
718269854
610565015
185096314
544543071
122364959
720838174
998165756
599250055
899358852
441322082
989314956
425298626
308218462
541542045
480037606
703624179
1054060708
616299539
925072890
1027344663
692398346
317977282
784022619
954940829
924635438
639571140
1028184426
872878284
257577718
206987944
452782355
713471450
966023224
834432125
622738319
741098900
395781354
684185659
709798277
378887933
331423672
535724535
784315014
748821488
627558040
21532120
688037047
652800909
185233673
782885786
212345902
523439703
736260281
660631073
233594162
763320697
364741775
361356591
469170046
1013624789
1059053274
1000777545
784719803
505006148
240098935
468850800
703835008
1069996784
717591274
646907322
788031835
717789804
945538009
247201380
832548652
390316101
240837089
1009261108
1065606321
428297100
820658457
47879908
954620036
613296640
987379923
757026579
1037298666
913713835
390640952
623488330
258999122
1053609204
875280131
964350364
452532094
592987393
934826866
1022040506
284049271
566900543
341849933
494946815
1059286637
865515263
218385304
1031447817
1067698557
1062958020
401338229
237176463
1035794475
112715390
995595071
457106405
401900219
971685978
686900093
1050846830
404044734
8798028
722586276
786129598
1048129168
1038444255
253154215
1055030310
210114259
376633455
843009568
477930375
805564244
900441848
1031993154
703729466
175801270
959421350
638165247
1008093700
693299615
181181956
1065983680
1063378462
999288461
437192128
715834114
468058568
911072086
934108311
505165844
1065145246
1070424655
700598430
862651517
1009496890
780231399
128813606
801839083
749583494
847114742
675003405
467114875
1060487088
481612482
1049352835
226486751
774801765
1070387529
113691173
836516494
1002398266
1016614686
986695540
456618760
629083902
215186622
784439353
912297776
748492511
791015171
1052116660
929454478
372720652
709774987
989154783
1020847837
736099236
678258952
854179325
16362664
1055687463
904234557
565768126
725061307
951306201
428790495
246891475
302821183
596260091
167234268
1060600310
266631599
935318476
1005417315
1063420464
775812637
888857144
212916039
342966654
1045836288
871413674
1051826509
937182284
846320903
12248174
754375642
646428811
779200574
516983798
239867131
718663096
260018460
1031730925
168940882
65387860
788506122
1036700755
925558168
1047178453
1049722444
290771661
861574003
1068136844
1013751526
914176021
367040903
767918371
226769244
611178673
786270516
1039706036
479511532
90719969
404769357
1069341496
963451422
1009961209
584511956
1068415782
683744951
484703106
620151943
761799535
828440039
779986243
524835608
312160003
249096499
878486455
886132468
1051894151
952401683
999193232
987217460
430692054
104444952
774104996
479125808
1011620929
597446992
950068753
989378768
87994397
157796599
1070276790
650881911
922249876
291150717
986800449
484263734
1068541108
85335925
1003925604
228950017
1072463560
343957781
309083896
323285573
702495936
860813069
753909655
1071843689
670479315
176101363
596854148
1053160940
103495661
307092406
1071575165
528850192
914802025
878571526
1028005185
516444144
638007674
1033449974
502288746
1018416087
775432431
999150538
942196316
324990195
1050338806
118246331
936199466
566876077
1052260017
953919031
195495278
1052140091
1023074520
243202913
992926924
183242779
870521872
645245964
830501171
998362308
1054207415
483836107
850402808
1057182078
932179015
401350372
28471966
1047595190
815329020
502523764
77743010
33930832
800303897
689046927
758794510
136191746
43429844
1035076691
489864481
1040334068
533354673
315284304
630799517
1054018180
1035185705
1072661128
621779667
1017805758
939432149
829504203
729050862
643031389
934016635
1071638048
158596885
67851826
1050134269
988763930
1035782618
933813593
126840652
1049406516
576510285
407461334
441622988
870509900
178213486
976139733
1072994972
391920392
1073536410
758699783
517544372
183029814
622896170
1061131436
624786085
1051931598
823893151
989560019
1029291484
898776894
1067656538
427024856
676934086
869267174
15726312
967268681
1041671046
346293569
462151723
714637778
137467501
326363249
704052973
235365002
554579525
316667644
1006492616
1073242433
616492895
681180821
105987115
139401532
324637424
921091442
359367129
985614024
1001918208
795263736
802888266
504243851
1049417386
1072307324
630363020
237821763
565207642
55453475
779041750
480115172
422494906
1015620095
221362974
240347081
500313738
454679192
63937997
301349954
315863117
918197554
1044397518
1022220258
1066227637
333935519
846078949
334973923
882053478
232203070
334272070
732001193
1030661809
776642240
158438222
1064884164
760404752
865028578
282299100
998677445
854523489
928388713
1072321117
200337999
1044226775
720610137
679782988
580246939
710900063
309175653
755786102
87924906
823984644
44444928
878421541
258120507
639052452
888189945
1072422519
928614331
1036651695
1043548586
134614480
334739218
643748112
486374588
396158993
667471542
508517364
1029433360
98774002
1062324446
487642506
1000142876
634124796
247061473
776346118
1058660354
716077758
1040575735
785267607
59653694
994824847
1003306703
255311378
760449596
772491299
835338576
851918182
251904570
398111514
854519175
850908438
945751580
154266686
466222150
384407347
390882288
655898112
424392658
534844590
763120161
513555104
993293882
81111622
478109594
461554011
608038361
1065959821
860705982
440109240
620853952
476042218
307506227
843160863
529528793
374934078
526859839
754569839
523155267
826590689
672156941
886773948
736394683
203000587
448474562
715489266
1050473367
669494509
298899198
763603804
490374790
918779459
708069938
883070088
973061185
762964604
150380110
658999738
766300054
1018283884
222097479
982230894
1071326396
751097014
756226745
351172237
875061597
664692243
1047148241
634319223
268011491
443469383
1044607696
512693984
669954752
1025567097
888960968
757784753
650958650
1020640661
1028370788
986461303
731779376
194474942
754966058
956503615
483712730
932797549
853176421
398015832
1048472410
1071896736
1053614403
1038519627
1021931670
244184750
951015184
226543180
1071011241
599907008
992973514
753322573
351924574
658466391
60911572
1003874183
1053804270
909407792
617819740
1037248067
784256456
1072017228
966724202
722684816
796907129
702311162
921191509
1061873408
1016895304
886538149
105031063
469392353
434750131
498750665
458210379
939023374
445020876
708434330
236075797
776722886
293693895
791599754
436895505
168165158
725238417
884539070
863505803
649573965
920474281
460299943
1055366020
822925135
266181519
957349499
647527121
1038039867
439260973
850922963
1024818779
193040876
47749109
1051579565
964650118
733925962
453675067
583536907
465946454
965648947
434696912
778259763
995923737
1013938132
491229728
642580386
1037845378
785423840
1005719389
1036903909
213679655
724083002
950351995
925497753
900234527
1065697268
386713311
796650118
645393370
245553736
819970018
1050388197
622036173
1024348917
552287316
1064303040
399265547
920734633
981466869
549622660
97604672
393994008
568728711
836206268
598405301
972989459
201324683
849276296
631706186
113643798
1064613300
677485721
67557667
819777178
125634287
671067843
1053426191
130523521
926598984
851746596
1023412200
525675851
1049610424
431144538
512055503
1070502212
257980004
600668006
306368158
954372995
1073026110
846852671
987288400
139506756
336385145
770449950
1009515188
223478193
630453725
318452587
260798735
953287867
95084264
1008596311
534051261
880032008
902558000
1025693310
933883428
416495746
247346051
315507331
379954525
963630023
922378927
239226812
1034414588
602231358
621676954
733685497
482068387
671173003
876914083
676761307
645844776
694156635
443767064
854153463
256009975
721742278
357725826
1056782516
1006171433
690601986
887190671
933283260
1066662219
483272116
267066888
1061157731
460680147
499116779
797427516
481041363
1073521386
416815131
917543394
753798353
40302216
396713584
331354933
1050538792
1063110505
1016873489
338556950
928530689
468630071
213111377
94239984
662244348
686786356
913961945
1061945123
744353968
531270811
328302472
519016413
1038317661
314211781
1042283814
705999873
978112465
880276771
345193779
563914428
137530289
627210442
205217310
797186897
132303362
1052859719
737334615
801674496
675252086
483449667
940405984
584851916
1011279487
1063289219
206207096
1053021390
592407945
694477818
292368662
550804353
1054670876
1053141108
1013654090
1055191067
1048273889
1050628317
709720566
540990871
462745273
1038126984
369888333
1069962245
1047253777
949960493
319665942
309209908
606890730
941539410
142036682
893955827
1013265778
534162904
789530185
1072520891
929700097
378091073
961558997
897309627
829884504
367469469
748978797
340805770
669908406
132751772
139110732
823000253
819457780
921260626
521264272
604746028
533397156
196513375
1048243676
1063647385
745774611
683822255
1061067487
392723621
1046339475
740477459
1053259922
801288299
1020441534
1042165410
699922644
75221942
673493317
260846054
856280056
798227255
533549945
979572229
182275030
615955220
753172547
788072646
1072624207
1072562615
504102028
514563550
499320615
360159707
1047297737
709773920
280271299
927074394
1070435244
1028915198
474641910
1010751688
459152431
143941658
516632157
643970232
1035224924
426411818
130306539
1054451174
375500245
209371209
798314748
203035619
1073311809
962752357
976244334
517500245
1032661819
945530671
153502374
663084974
492641935
962657813
1061659197
359272712
61081348
836197948
737954572
491591824
108188428
1073088963
609667826
653868967
235077183
379317229
1071345677
1066151867
637716788
482625921
386621312
223171616
75044373
576424737
52745055
1032363454
862130038
131620507
899134552
811280018
236582899
545416738
221132040
660066033
812541942
841125775
96441761
674430680
792241706
289221906
441759903
918994696
997002656
1069072138
484039827
9214010
728647785
683498705
784807004
984603418
250247118
244245725
516703867
746385401
1054513655
514673687
915160261
674285206
91794716
1044082056
473584435
642965828
465466044
389408534
627715242
1000112528
751431412
1000831756
630895878
481267584
1022024393
1006462338
1056494066
1073591747
745209672
842055302
488699540
1047410031
73549615
328412103
894237972
509460388
349176295
1072475406
718240294
504042704
1049618810
988050932
854706694
1006457751
29155075
1042366260
1023307410
702757405
1069422759
682668677
994848421
1021582587
1053818537
847686581
1063147097
353001270
694146748
950457132
383279112
932586162
947749321
433369687
611522487
340667928
1068283021
647872762
1063831459
15054845
801835655
71268503
960503996
1054910683
836264451
184546233
995243083
220849083
883898108
500841073
965399505
514595313
518800022
492046007
916929797
412886695
500693908
805736318
1056751132
959703252
1045847820
271916896
965640720
1023225569
541844357
663161088
429884863
477717634
999701467
655957939
733582999
865813894
1050177450
1056705470
181260665
453993371
487436923
791355890
1021240902
58746607
904058781
865067097
1032347567
110917767
1073398129
403445118
1019056741
29274315
1059056988
730962579
985069288
1066318307
932627024
478231192
266755829
954836064
388359953
386464939
509899310
251196278
587870828
213515208
1003748063
1062161851
1052120748
473947738
704618270
1023574284
922576790
689268835
1057970753
521028821
1000019108
266983457
194206125
686881314
378411696
518691275
439091540
1048188128
255374044
752311765
570464142
583430988
420551898
1039432849
517144307
741585843
821057276
878492812
741963062
932384951
752865308
373095115
780853046
1072346005
630852505
686934132
566202731
1071607776
964572797
1054612204
523392170
790530789
900592626
183484489
206100385
1012635875
515236331
792364240
882214623
916925597
717679041
677620601
262677336
74700443
594336525
882136345
504897838
1066984253
967529307
1055240099
1000616078
848812091
1021166625
977270937
983928408
1064016506
876073641
993163502
674642912
701032500
494076520
1053569788
72368129
994434784
429822225
1048290518
823458054
946772750
1048202280
762314608
1059774842
254455182
135451221
475575808
787986773
523075414
499891052
193785671
353141590
516677813
1056586984
1042758735
1006421841
1044265541
273541523
732541029
459635362
231077098
915471115
1045325850
379003419
912858174
981757712
249727226
602646098
838272673
659738565
1043072214
922205409
258789309
186346207
778614086
1068917676
1028023038
640504049
341409573
597628392
685849041
1038757765
1024356751
36089176
801607456
1019698976
597285073
426623655
174844671
653965122
338700170
654962657
1064044179
945919849
913793031
818080797
1053549218
1007289146
1046722711
912875066
233757309
1041757583
89474226
71351919
971785373
810343595
94060095
306470128
481161541
1044289675
837860862
1011248043
965233699
509931285
1053693839
113760696
986370720
546704998
141757084
801602119
235454460
854284825
536810927
31651030
703186681
822075103
50171672
212196750
540596069
935338926
942378953
828249955
249975695
979437894
494713567
741888864
404111562
958765553
625893076
1030550762
809376314
985899625
505204513
1003232193
215387929
475450017
45138851
115036763
945740726
1028977347
279263237
637892333
955109365
1052482422
203383433
986590013
242153354
896710539
296656424
801342261
474728786
924708102
963068327
756586032
394797568
590641655
971033732
496280393
1063447382
359561494
290109255
532199339
51806740
654213476
953142319
503728768
701677561
888970947
125491970
749289080
1042086641
769387730
536580058
394066629
478009465
1034515246
893642663
43863480
195899143
1046079033
202407523
736758079
667913053
73535570
1029447758
6637187
312032246
977067998
788787750
251684735
722146080
388558769
932174098
993982826
195537306
128793540
395532294
744345279
408204851
186638198
320928477
470907950
975168262
323768368
256837157
520639141
921112377
1035611514
863685604
944375480
992948055
996629666
905637790
1052197438
235139939
1000590406
253698754
953272541
718957235
1056359628
209085401
1018837340
578538156
269795289
106057487
411465615
744681334
625634536
779160377
922438954
666813757
715096290
203119256
722614037
363148808
507766724
647611386
474648525
549916668
845066463
377511426
256413875
1040072370
647717992
563437889
1030006800
239917305
1033612570
679962410
874549619
927336327
1003916988
441559615
579604536
935328432
188883902
987038036
495391113
1036346010
753950662
732324310
107920628
1041621892
885416148
1044680846
1059972754
542842459
692283484
1003615239
346918149
1041209386
1024170514
929028760
351175088
715615066
652015557
763554454
280218511
1051262482
1071572745
846131099
80875220
976663488
436771638
344472864
1027939093
1073718458
758686595
1061193435
389722856
12790335
882641814
1026352040
8787476
608476230
337713228
463552138
854075565
366324334
653352737
212331204
458018658
742792115
110382697
217441828
979602463
933074699
748242152
1067566909
346128225
717237727
220841903
1054864599
1017959803
530943062
977640144
314595885
598184830
758255940
922664124
681952905
603914022
252687412
688929491
108620410
1051189404
1056901036
1003012961
1054136478
798517596
467213254
833365586
985235398
290675330
877614082
850272736
1043074114
437323510
907978536
733191832
466927063
700753093
705794979
1033350311
38012278
322770102
1064649169
1016546258
103840689
986172502
1045993653
977025012
714042902
310880446
1046486171
724647588
495843636
881600575
1022276981
841010807
595849617
510636163
410317209
510000643
1062863924
197158833
144817656
847442593
480808291
472513171
296760981
897816418
732328133
896259800
366831435
378510280
247154350
792368045
1031270980
1006429769
901484089
23961158
967510870
518409192
1069742832
900525697
687356302
890634908
260220978
917098606
1070147305
195313933
193717147
960848788
479761467
897125991
244358595
1050898129
1056507994
563865836
1033516894
515027884
782079871
303782858
938462424
1007090409
930905967
471105206
1036256445
937732082
356915262
898137962
1038751143
1005106554
891177020
715266719
450845968
1056752176
1044953758
540890505
1020845904
1055457637
301008679
664877690
272100873
494232563
1065477301
268341017
508549676
794401021
524345948
238548164
65503507
998214162
6214174
934239159
536015383
861314858
177173527
79705528
166759263
1024362143
379628521
699167379
1070315467
349587131
1056751294
1044832154
648654532
351437913
771336261
824164744
326756878
1029856930
1072490632
228230626
528129730
1069677698
854212811
630561468
210559026
780925309
820761297
1068217326
1069538567
312477743
730215572
445940159
1012439888
656989078
1055987572
657667328
326658219
158781389
562363311
645819545
1073097609
486079785
671508312
474264008
476079523
868873197
1056858256
247627086
920095698
925353039
1037400357
305483636
931634010
405281760
436613503
821676394
536854495
93223739
802816955
369147965
205116555
771014270
905700334
829692043
997022307
845031608
8916120
1051659139
316486362
56769472
86853426
387190709
1069174654
987388209
1036919349
804251356
260001799
60698594
879247452
707288594
1069518735
787738387
646245122
850267860
943112215
596656009
1063445530
930746891
1038722310
793602742
43249800
168827635
1038054178
1056887560
408548218
776964863
710381085
899632948
718845347
448960143
218074723
452568986
765699959
143249023
716346428
98722413
1063183378
789795999
817900851
1016047465
777678635
1034788409
328585845
699788196
1070715712
1049393268
363614950
409714275
960501438
64855204
983530467
638500139
687389653
778894650
1064153744
426399942
1071805740
829886960
1035738479
885390239
1054451055
414650115
987320516
487038501
770302814
194991688
1007148001
616590352
393920294
575359994
171387434
894171347
938078140
1033353637
329274984
731042798
953744242
298841439
43503210
956166320
774744492
834841076
526715940
81264416
1047570181
1000787473
600082130
1061648360
1056435145
435339498
847212079
890315980
762622294
285260398
794490150
1053751894
163629348
1054856515
628044395
101077550
89019294
241927231
775340274
1030412181
1067449739
504166389
449960037
302674585
352024784
173994348
1050297281
797326127
1015460152
994342530
328593721
1071364916
54492534
624670473
165457923
954621643
912317313
1073711733
964657378
596778310
448699654
247869740
756025081
795262539
935218264
1053712908
682580330
990679112
707124738
370738912
857518459
40869961
705119077
345447637
1015054515
436040206
667799961
1059765770
50251693
289508498
905694615
309805964
935784918
940756578
990110714
739914056
1049609295
734712240
737241923
918144788
196620948
924098061
496310303
830393091
749838085
711302650
292831860
448805051
829741646
476748524
561439076
521264650
476291192
613670347
112619321
1070782453
216857247
670666443
1050247897
976446398
441802238
380754746
367839622
745507868
437027875
81232743
625698721
545177851
36752056
995901659
447158182
1044674653
483536310
57678658
824510374
666932814
210891499
589526321
1039530008
854922050
810535340
472801981
850797014
103253959
869286626
739127975
744151058
995327886
832370477
1022384895
1050093856
1036385482
608653767
310211902
79965836
886393530
87310142
1070174713
290263674
133857433
497295360
279476163
797830424
1066571549
514448142
504424113
1069939097
889566733
618291340
211229812
927276446
1051773539
355324796
786282400
813065672
1053651109
1032278706
132503198
686771750
1023895653
55005746
711397017
965601269
458027866
1027906920
1005200527
474153727
1000214677
92185580
341644855
619104058
452489870
1066753586
1052724232
870591837
1056885471
719794338
1065608514
399527208
258017741
583897997
441377424
1000962087
1064253390
475983535
583276261
931707172
1021987932
38886546
1056447445
430111610
1030465129
378065291
250878165
485641308
549846041
597086707
1067211451
1056826523
898731780
933714806
368469048
860754632
927933312
375055095
501930940
819247549
984611595
489356965
937048054
989291255
1069411558
944510999
1002133102
856834166
511630360
395088886
179748452
916847327
970695222
189200014
333320389
1012031618
480993240
1063294527
1050580734
646508513
1055946318
973283712
140816237
931388151
668636533
234122590
1045264268
1010719538
1031572116
987029285
868152595
422052897
564607628
647492399
851093916
431412120
640360337
786395398
787077291
1073326453
201661229
792467390
652361775
688501370
739464910
503790551
154585591
39851619
559093270
1071139080
958135260
406920170
978405650
481480614
906133257
949084437
743093878
259382904
527418495
273920935
1002626250
478569037
184795998
665148395
837419228
588342245
938413474
38125966
828975344
916125596
1070561224
1073698438
458969434
837667475
1015194950
721851465
773438704
804687814
260889614
256743436
331726629
557787041
628180251
799001977
803014274
1002204948
932668261
1071616722
1063686392
483749828
154024993
842371497
983461790
164374206
972284379
38180857
715267386
615289477
798160001
785312032
419626957
1072364849
794059537
825459763
381732667
754279341
783478040
1054486060
1026374289
718173666
758451235
231596413
479645057
630491673
603376064
1068723627
597870751
862253556
960150194
1036387860
357379578
1019994305
851906259
1014555949
124169050
979907227
904545504
581713277
661399326
723553320
701649176
936471886
694500533
815308927
514723334
703097134
993600282
1044338282
1048882782
393566138
906086074
755681752
561684105
843942303
1048716277
957308601
834059267
717099257
1038071309
889971592
846220061
830994582
603229176
926579241
88288853
998755734
138951565
6547328
1068161715
843821146
230592508
464919549
1054583165
874785781
1019275495
588124943
588994498
846218058
163413694
133533993
103957226
857376681
1026214162
1015492177
995492525
1070872217
128187085
967518213
1029810916
1024697105
638645077
761035091
687590209
529167899
381819560
956398513
6632829
483492516
918023289
775049025
1055584660
659818156
1068163056
1047052094
721032021
249528552
642407591
779448310
893127583
32234102
216552641
513729053
774001763
733047994
594530266
516046527
261538534
804801170
491727840
751874301
791763761
16449189
653797309
652720880
1026803514
524214040
881602577
504106127
692398009
219343327
985595776
480748871
239598308
959496946
1036761348
886460160
80252612
1070740890
1063504184
530650100
1034487747
459056705
960772109
1016453381
1050041326
807094511
880641719
799286446
949993119
704106432
1052119141
929633687
271509371
834436270
408133289
1028877265
749626889
269758870
786499496
603655867
981071029
551369249
1042207842
976112712
547139597
554643189
929745438
1036923216
53943672
428685953
87677855
996764568
1000706610
995361098
898154380
822037677
64941250
879736749
841519610
1032135335
720304078
847204200
1033733239
642396932
80217057
522354743
880548824
983609955
428260808
1049589070
192122555
1073693048
184270199
1070160491
1071119069
274869665
385285748
1054388712
807262607
1071974273
1063128364
912892042
791286161
793837166
426830775
907985573
781630390
359652097
549828223
751790954
214585907
387615894
1055112893
987533635
919669444
930253861
702716628
315467748
503668931
930842355
159648651
662922419
1054391315
708970193
887465206
703842948
1000275816
744968764
981094786
1013327405
184146981
1073232161
441773331
1034387897
1037471120
75443962
1031193621
1071325939
1020754960
1050337974
65431389
1056895609
964104917
471810642
415370687
1010343835
970386486
946130564
674537065
832751980
375141908
310664657
648531882
742451606
507185133
1014880654
531399238
947579352
345431554
880286512
366947299
498229986
1035403654
718392507
228301033
746044159
775448515
981438055
650313425
723215087
853003912
630362925
865136482
1055622399
793401637
74374074
521546505
362813860
928327974
1005575975
1071715792
1067444377
136708942
884260775
325861985
60648358
944223720
987370842
64719622
377706417
321108066
730232598
651982810
651471441
875288786
1034054650
419245680
921382811
1031597603
698274269
297554481
1023771403
602802717
453988003
729449856
648986618
928917099
71025511
1056288377
1039234617
333021726
712304275
403734371
1057836088
633346833
591365987
408207844
994323809
458393365
406058568
592461999
397065651
582056183
779789382
474649714
882750231
971427294
786889160
528542936
1000856213
659977105
719014963
451926692
703528370
1065136409
811207203
884819069
633292417
225356284
1055065659
274804137
968614589
519984263
1073006469
522702342
68866581
1044715528
810856269
620802901
608493799
996576994
105809590
157022433
942119844
1037983764
41285148
1050573745
431308922
206352871
442785934
1021514815
516249679
1070010334
458156611
1052319514
334906872
425369594
1067368850
881678433
880964474
436021749
1037214130
565374676
251648853
284031796
487606146
452918331
817357702
418917460
1055632566
669734906
167381102
1028444084
167572736
1013428085
318641296
118849456
106486367
335245772
972852940
519864401
706669412
885459954
914138668
325779194
817838918
1064687965
467987779
296957256
538993652
150719232
922288641
403704136
785558392
77223413
638076124
460555242
1046316553
263867331
1053900334
565078866
418722427
342844059
426117754
956481867
243040875
416700788
777641987
652999111
108883986
977320527
644423206
496980957
215891592
552008694
587626010
759158962
632334527
333210010
423476658
1071457504
1028243061
676326684
1068421837
804235210
826963626
396770102
1043220132
798656038
1030045579
965771229
446245883
973754046
1022714589
727925747
1065071911
777777940
531102789
993315195
772922721
831531718
936572806
585111957
398966687
1056433555
795071880
988720872
784776238
346996290
778307222
860663232
583358603
514171913
761554760
1068516358
291839327
28693076
834197370
195591832
1067081942
212098482
420672983
1047637954
1018793286
693687393
510111546
699941511
485328756
760968144
142285771
417425387
1052153230
94150179
1064146214
729296343
1007338711
958476531
1046195045
957163019
232574150
247243416
771634987
818610067
1023189690
804934692
282663920
474273275
678351833
673610267
325009976
532000552
235807438
63874790
754226611
683165313
451103706
749054355
739948466
1014193373
1064728535
790652828
914638791
1004278811
317612807
371060501
617498802
1042404144
906970635
743361116
1054633538
877150091
647057113
739138104
1053660424
5727008
529132234
581513682
866728092
1050530483
927505543
736196204
1066652779
866497832
1011018319
915378121
1045107360
474437672
814840659
1070744883
751286524
1047365600
953737465
485494122
747911035
111971002
956029667
310082445
771582847
1041555221
319119084
16049447
1017046535
841064329
1054043145
328138268
196310554
985300573
1068748372
949033962
219035700
622437863
876142516
852094331
122396933
983629636
1009163261
484662545
896522094
347968447
509516528
906904425
1054320705
369483492
1071279191
1018164752
1006888704
962036971
685374303
1049786523
293491726
1071124131
1026059751
480812026
335096432
1035024128
854967013
1051250605
603811495
275259261
504158805
987422825
969560156
876729219
588081887
525305954
785205753
839486737
799637999
379537948
1014265795
382403388
789669123
910687869
1068229865
665789114
1058333242
583457515
741918904
895876323
803323685
395125128
183327178
695195466
182568243
928630271
1050317887
278501521
845783178
415773394
1056112277
13583967
951618908
1045804149
465003745
1070421523
976213913
785037098
410647560
193162101
949144682
1039625884
254250432
805011350
750633413
915347062
1008206678
1055404693
937350517
956058756
500173784
277462974
775040378
84709741
592333401
135939179
1015674194
1026930197
154015474
832124795
1026912934
436351092
181816531
573413691
757727469
443063224
196631994
468999775
771151952
635275406
526811120
291029101
844300185
1034293936
764168322
200711313
1052351470
13356387
604211252
624302839
1046441454
814239743
480679883
501192853
124153014
777611537
168814690
497594123
903862044
446225337
558166550
912214062
60427252
324857477
600309401
1050586652
710715234
500286921
946583489
283315239
1056072797
231513988
482159365
850304697
1069857470
796402134
208165404
824687654
174554231
939786072
712582049
826539598
941512703
406458104
1040416739
396234519
784914235
394305864
49133143
839572632
751933106
1053691631
1040848652
893259890
618244268
1070919632
429681478
237937553
1063660197
1056872102
535621738
926870936
1041264558
501664040
694596992
1043184509
90887669
1072919987
942482350
856995705
661334779
895313092
888883378
880336493
1072402151
801272219
501787511
23669879
853002245
380030627
990176620
1071608962
103407616
419331779
905336356
771472243
843043606
765739675
466641395
794240647
529994488
466786875
744630368
69737752
851532138
529459860
243162514
708489574
418748173
1034742233
250125351
169758695
519423840
1027153049
272772014
705430406
915914738
1072995812
279151763
562221873
797939395
321449925
711408862
980192668
1069254999
913287328
660601673
594147501
476960644
586101677
577697341
822124701
593932875
756868066
875539351
444149938
871931508
331542579
662454030
724059308
826753862
776798861
717420024
986125869
1070782888
772203527
444235469
166691374
890515146
787170294
522123699
852677276
1021422126
871664770
386357057
1059737531
725700720
103042954
438275910
189494315
309898128
975951542
672150539
580648160
723412971
966301170
43149368
631137254
1051011887
626995136
1072217416
742856529
1056848170
970509045
972998834
711122328
792081084
935366160
836253345
266507258
800604279
1058441640
982430338
734094934
929461630
794549201
935388565
353389240
1044352027
581755115
1070566497
1056809451
998230488
508059378
1040793525
1006317536
125182569
563096420
481930177
241761275
213572551
1037163868
998135013
875190767
1056889691
969871378
580978925
265221465
1059108605
1042266238
253672693
468369433
940020136
132908837
399798993
98437913
994266555
881002587
456867306
106630614
371001414
160355286
468857328
916928684
79815342
479161951
322285981
1043228165
862096252
780302329
918582618
1003415585
641503114
281312362
865817849
1050410678
1056087640
488207527
1019048285
319609548
1028576399
911053518
564350966
1069250540
261635161
1007221912
235564287
548519705
1008109734
492584597
239002325
927416770
222842520
348160070
859807234
507859357
906733271
497641223
508529102
1058225854
288813714
376784539
1045483036
578250084
192535923
139548821
505652934
348412337
955934853
422703488
16314415
829951911
1054495327
103820499
685328029
682071974
801886873
292496211
1071775517
1059959067
351209581
1062624587
143235884
395914950
726956496
653831135
223400055
993204122
1071471984
528339756
978160043
92336733
73821959
1072570319
885185430
741527297
684342064
999784123
1049358460
1042064599
490193923
162228280
1011600490
429563942
968513377
1070592954
280508537
400915051
783510150
1032553177
801036093
791758419
1055429433
524968346
990093774
905926632
444821057
994892898
180702690
570326981
617606876
814400469
524916853
1031042094
325778848
755339701
625927997
722454849
573733163
503854405
391241379
198094161
400796502
194367205
527535686
663599367
198958730
939011071
1061933809
918007693
894879154
748173029
734293483
1001430342
1022237887
1003342761
1054842451
174963519
265958774
401993233
1071509908
89725805
919281023
716517996
991890116
1047928063
1067449455
711935612
604751007
95798771
435153135
625919384
588553418
700970941
3344232
628799849
1067167649
1032630710
998499534
1008725073
721141775
943956530
351635497
905739373
786391294
897250454
866089702
1064985906
271245536
949800894
288202135
898477145
801519368
540524540
707059095
492754508
821944572
1038009209
563105757
982746758
753879648
333255904
774028737
713733618
963073195
317836859
766021196
684337001
59698205
1045228483
663039677
335434949
1063418220
772428700
790593374
808165205
36636017
711281453
937280174
705271388
78879531
174446391
1031356819
653211960
240545565
605741782
951080919
751556747
515216934
379401156
1028936918
660398617
1069520757
1038770926
426069510
213397182
113063627
715529500
688919162
431911080
775608873
116360128
736955575
444605233
1064333076
655439357
434033574
610110009
688705895
1010274576
173946273
368574375
1060437913
709699153
196209785
66130514
535529948
885347255
1068479847
1021998611
647943863
921867163
474329802
935474411
113372706
38257220
735508186
183161845
924811951
916227168
1006461251
688481535
467936924
383628389
1053080255
1031512919
1061431203
90264467
295318244
1004838230
1040412508
1071573451
987744700
605990809
118665714
264636818
736101194
252758962
919581268
975673624
1028449463
1026886889
997765592
14351051
258130694
966840000
1056201370
502864978
929676450
718317049
1071382738
749339812
917800749
1071614481
830666224
156834898
463881588
49741539
356236531
988468110
959330807
938259571
818007792
200632145
1067504822
1050069927
1037439639
272204319
248063746
1051865065
546865993
137884601
12842615
964688656
937026545
1051048351
489173976
110557577
1029676293
509671963
634039742
710333322
867058215
79053480
806360420
821312724
189605270
602106725
458952684
935255400
242281195
1033156651
613064213
248809431
1019468679
715780548
26840303
720097407
899562689
564223480
306165484
414901404
985124522
402298958
522623075
1054098797
891058658
859293694
1041888224
765453666
1046274455
631874213
700837271
1050773545
627183585
1022489359
500475945
533974850
1017825821
1068396989
471603925
1017427678
313179107
859804322
703542405
1036129106
1015759828
742133506
753985593
266166266
562590918
431865852
1055683906
155300950
117361638
804654859
703153245
236634683
765770301
104331567
648608866
933164398
854870903
940156425
863420055
782605306
154565258
452781645
99560925
298368128
507964226
703331924
1071278163
782404528
109014881
285702317
862297885
614727323
1042516545
1004950003
69328039
1008507415
1007502228
1048958084
585509009
717433413
1066781829
318803913
867034890
391687192
1059529545
1073711678
231268751
841298852
1019200671
1056506990
1018361038
626962658
791585462
550579290
459378310
1052865979
799921882
518883229
920513084
741151434
584121084
458624125
839251833
1048905170
818841618
1047293095
597231349
49545380
1047957150
418868159
1064032412
142256339
371613755
367357809
906838351
422944588
256469545
522630931
541922493
862903732
1019908423
941620769
1040784411
680379463
208189977
683857321
404843996
989837666
334915149
256140729
789718592
933285915
1073146095
450311398
1071459950
724233491
446958784
510511936
936843897
754106385
655370645
495760524
555742617
383524770
541432514
601572270
581878049
430053922
213678787
464553641
348946359
595532007
1019828347
802716175
644078003
261669754
126823030
1047543343
60803786
989781526
584957505
1056954041
1029266167
848964580
952875335
896678640
824332270
1021788400
896482957
1052627028
692851958
33911734
755002227
962453823
707656240
838981302
174110799
747046126
695447885
135091955
870781425
405214406
771545054
173618597
1064300514
660896118
1043120808
398915220
432454573
216845583
964426896
346634974
842221956
703566062
1054236466
1072968740
748474825
1027240906
1007269870
659557559
148864754
749277855
666809256
453441823
274090388
989307799
850877193
779479423
817531545
306405872
663393682
1049161666
803299294
1013002823
778611584
662160693
885420863
1054036135
1044878192
928761900
922351632
1052565461
94764143
983112133
349191863
1017325949
422170418
1012637470
640672247
253597506
711187610
724184709
458046327
842895779
820700122
874035662
891806359
977585303
762495536
930821897
220585897
629769965
210761639
785308960
778675593
939252836
1048370766
1001906169
714760954
872793829
1014820442
954196636
987083034
836159438
969374366
208793086
846604238
206006398
789176514
594440106
1054866878
877506457
944199196
789063454
525810340
265034474
83250017
1050963643
907193658
684253327
905927126
845099127
1065419259
981662886
70342781
1014029882
673188114
860777436
120413930
565957905
1046826493
802150314
1045102435
755783730
820191682
919072027
604259303
1070037987
961958974
116438760
779012629
980814608
1036700801
748745236
175784897
965167867
212545644
49327086
484743906
204323211
861604380
903006678
241595507
463410812
857246497
1016845197
409193393
519213629
268184832
1063940039
470667132
490040589
1027945420
1051569032
1055304341
1056963867
586553726
802576447
554464010
401353188
647729221
338632304
430610797
1017778099
711264307
1032204712
275299711
687578387
123812997
181592017
38180188
537657143
312597735
1069499423
450576919
914022884
410693062
925026362
869585263
853277642
506683684
371068075
385099054
277471352
581392759
274634724
1046862349
873959554
994146524
618846449
798802319
180327223
918109344
625089645
135984974
91250149
282664515
759615115
262804745
999262299
153586081
1053908662
466934791
655803294
1054756092
1071061899
383973129
965404372
744621018
793825174
230674321
1072549605
464584092
795866343
1072749094
577590256
630932178
605502546
1007113134
849036367
982562447
659602408
903141844
786406003
951773320
943757875
485600641
1021943210
283868873
175909434
1067112737
837052149
1045821922
502092700
253698846
335867864
601639545
579272365
880537052
771902670
134547321
390477047
490321612
635256542
843778838
610456416
475669372
656432716
732898858
324735419
516967773
786536796
519880522
1070976998
1044500996
1051716017
793214829
658029898
878821735
279702879
947743021
896453145
654261404
1055361081
1046394949
1070488135
1071495886
1045051378
1052634201
1051680341
787162682
1016895367
489758639
431159313
719829893
870702758
531222181
975131407
497013325
661523535
340740725
400621502
357431399
758104886
122241584
436606651
525640908
684586996
1071383038
647202470
1052621744
403455107
441563830
1073177555
898616009
10663597
941419885
770177981
1010462492
800270291
964734015
307147915
1020186870
1000389541
690815059
835641065
315271741
1028938807
433371734
989289965
729362141
834524174
246616183
1054488996
961326212
1058388153
978035080
1040873598
990203377
742975684
760832002
917295336
275558635
732788186
1003661620
390898555
1072053799
650964854
694145220
936883357
1069555521
763181512
685822622
972783372
229153647
1073613600
143239726
250467181
650135796
405083020
1037889564
741639698
875245005
377171120
1039836682
865573368
214310475
785651207
968507326
720809629
1073337285
519747728
439931928
1058790199
491469696
878835989
545137724
863557974
996176477
733913829
162251135
528883608
1013715791
414836535
247583961
836792048
634344685
948601457
287252471
1057214764
826958379
797617485
1040774427
396806517
997864864
866459536
612199954
1056446798
837272115
98790986
916768939
1000087453
251690047
780769169
931887211
791848713
858608452
939989980
754064081
18655510
392839127
1040368608
1020988348
944243490
729077289
500425937
936716340
1012537004
725798910
451063525
186203884
1053749917
1040880261
784167446
973279222
692755791
1056571589
1049856317
590324389
241127953
1017237450
721710040
779235148
774465630
918374448
848194593
1065853966
1052232584
996629998
626446212
849710130
1073108320
955550431
1053536945
505298276
925155670
1039583947
1017635116
690071303
769550898
1022101411
964026896
346939215
826340193
1019203481
14423145
552670300
824562225
889034846
1062062187
1025128533
268173835
1009751711
753632677
1054840793
814474513
752038546
776718073
810838473
718746290
337836557
660078550
639073946
708962685
647927125
510436665
283647105
1056159768
818471541
372978063
780955913
307818118
788869451
634066494
392357080
753318819
186652048
1003257170
744475535
826184137
1054556980
191250366
711389714
391264886
784949187
383279016
923719218
724932090
909113359
439446401
247413750
1013894283
556457377
749720384
