597557151
1003504626
506263881
695714779
262958016
994301463
850994475
788457076
746748554
789583557
354548609
476005329
201020623
793234972
892775057
665510449
764504389
938464878
174180070
426311520
1072468129
944052104
432674431
1010848260
741173231
416080388
702575066
188593428
801151082
9968089
57751594
752386873
1023791098
871078131
1068020639
965127071
864972540
799007276
966060241
478752081
994396066
528218957
78492283
83702323
532650299
878288790
965053924
213483330
1021506818
923680600
1035735965
1066793995
1038043981
763295676
1017576705
787078847
693984318
966578948
950316564
791585107
422501771
1065667291
20410220
645455400
441268073
992200984
264911167
978026052
996616889
32901145
441931156
1072081533
757439501
862006253
961978386
499608772
276225383
62211872
259216494
696227505
769827198
226125271
1062667976
423557882
760341471
56676098
155619348
587115345
116142710
871897295
739570315
559027911
804235027
1036254481
904710654
1050876499
959108372
424602179
601608133
42565506
788462489
759851366
920469236
947248297
788338618
1019288669
498102436
1010042564
451393260
375376121
768101177
896294442
767026975
648337204
841278994
363796427
618415236
945261623
214021289
803537556
160725434
19454411
262150351
616670809
215354993
1038063425
1037627324
830793645
1025504189
522011544
133462887
509029212
977589210
793414945
800682109
398506351
162510041
1016174907
1042160943
1071041608
107976753
584350220
1069169828
757602977
760255646
1060048670
994919487
1065251770
982995782
87889491
560103337
939885186
168561863
451438772
108145933
762182805
482492883
947698966
937785831
1029279251
594992149
259031781
384785909
1018726487
750703711
444254041
1025421973
220747633
1039462358
1003313084
694058323
1038073410
570743801
246368816
514611744
990667344
754016922
841324707
518987663
5490303
1064417512
500542081
254843612
734132604
191792790
828535898
421893483
198047257
495892229
789023766
224399133
785270728
1034643553
994273874
393228868
870510233
393020306
905843587
990593678
547441311
847345787
1022615135
801974812
1025021974
802137514
1028470845
90401327
1039597389
1059083622
489694695
973197063
913087857
891047583
499600942
56928307
633274993
1048907743
500193856
889249903
945076591
739478467
221850232
754333176
631485944
216509140
12184722
1019536988
1064398360
1029370796
742236948
711815078
912512617
259055644
1040004356
1027470921
603566536
815995673
1066249369
1048343523
778203221
770159509
532937149
971213872
537871646
956988382
502040041
708175951
1036220583
561321025
793049376
881504152
1064451146
939438121
689279171
259730852
98009163
926148974
421588867
1037866011
855029252
440962959
544514596
771935650
203402383
666078500
1053343982
802032344
659929457
1004289062
778387308
1020125650
46430399
1025304847
1011101686
68355089
203219498
1053467545
954589461
949263051
1063046899
742423705
1030646900
688315515
122353749
976956708
647540629
1010192620
1039320944
967833394
259943544
71491538
172064554
793116017
794539919
565180304
51044099
453154195
667859665
189013597
617962149
762640382
543643567
757061359
607815454
261227277
901759878
812438794
1038083922
767892235
789433632
393645398
521540650
599938798
399904020
793145211
64088659
1033346329
849276016
630652221
799512973
754074525
668081302
705584325
414858124
541311377
603254598
778114717
698415883
632210789
771688769
1059691287
169104789
58353456
335864909
256157952
24060569
362497872
1066272707
635919460
625173502
710778867
107075108
667853836
20187604
1062488119
370830462
660391440
615020613
101343971
801784394
254718844
579475583
893992174
763609511
996482526
777617725
1023057393
594001654
930407202
991711804
803236639
1063052814
293720488
914384545
525760077
104613810
1036215141
738201250
262838948
774074255
504526190
1037314516
796234333
779256982
469654538
716488624
670716234
907943197
107753039
1035951806
1036434650
921476814
745925576
1048762196
727498037
191341468
833093822
1030376805
668665251
432232158
470517814
1037814828
1006499064
793407197
450504291
85113229
304870301
286129584
706090796
1029502893
1029571450
767681720
952620181
780043587
280194556
598528085
1036426276
761567700
949391041
1059455825
530927124
526745795
711334568
527356204
817092097
144492605
860874420
369068618
607504138
695953980
147015320
1051283715
127306356
51905443
29717498
381749206
1066071705
249132269
48768598
162664327
698584719
44253755
66828169
145302434
1051469411
605603872
639582084
801533253
990870143
1019541361
1036814915
1070655796
1061867794
1027320220
941964038
802223035
1040047746
140376845
786825410
671312958
747046068
941055822
1064576965
523217635
791096197
408811410
785986611
734485365
125199629
22652974
906917103
1037364032
861359089
738643069
476343534
813844143
536816505
326400975
316086963
784792867
792654791
268938932
254557214
900085157
1038803798
760072722
769911456
715039424
485111450
186275080
839262889
993528683
921753115
1029605211
961420360
522702456
371290514
929002757
258324164
487503072
835771988
269992832
476471592
553250735
711891061
229553118
826089488
769719075
1022948162
879102878
753231500
1042859850
617380677
2543679
676778639
1058100042
567934779
710712253
799431013
62273266
622138844
310794447
786943246
474994415
48406735
667812246
1029873650
1003008571
986833234
550808931
69063819
789314717
1069698286
126864513
673897261
1001655172
133614290
227247613
715765412
150074025
432465622
597250845
771152603
1031575760
328080004
980219772
639531046
988533458
1054119252
1019972692
802363529
259245695
542502758
776544519
1073736665
599648782
226753865
794881592
556240933
343891941
351225023
1000970813
770899206
274648441
859310600
786900370
654730771
1070877668
349653395
414551121
930924236
760971212
1017777040
984669471
796796111
77093215
73126548
28218226
989809962
460110539
716684534
344364159
1035451885
530490614
496722520
669377353
743773841
265800509
551935592
561732032
856181841
943676889
98319053
1046603738
282500200
566476366
886532477
212466594
128744348
703698537
981329916
726799800
246228055
905169488
760080209
99020379
9200459
227210070
997035829
1039892410
829434519
1050212372
551262058
423513765
257931800
965681957
605191518
986440391
968589565
752864775
1067972981
802786509
1033561496
896432949
1063592239
753772355
198180639
961197503
599112733
666680746
525637384
760954984
791275291
781708336
1038845407
517845920
745003047
324569243
443341526
1062131300
977107672
805541764
667562708
967735417
936425155
176445655
1008894880
803290965
660235117
911681034
930094521
1064507560
745694084
105900020
394152954
781865751
235568243
767336164
1013905682
343672244
115883917
130400493
967572319
121165900
551813848
112999221
1031791446
660579036
510969873
1054998390
185935601
1019559051
452846759
348922126
969685733
845427802
787079010
680199901
741768669
433585183
530560422
615953461
53140401
1013191019
803923450
507565398
1037369106
472314452
336464581
729798989
509280914
267622077
1067161749
724045586
919991390
799561636
743768049
691796879
971859166
177465296
609429582
982544240
107477319
364646755
208024262
166357528
107546984
9227728
627351017
631283477
962938323
450739755
208172618
98841722
546920060
1063694084
828209468
768761791
624425427
842574687
1036090080
1031271964
646585598
1037659583
1034566019
976454966
357112826
662777191
1010337716
1049537109
347903669
790030256
733295749
1045934499
206482957
39833137
781398253
935816024
705177
904646022
597002685
641523300
383638830
762370816
430294773
179578300
1063688236
963026790
625379789
283139547
957418976
240040834
697514740
759118893
650835384
937379692
725281357
763165955
429823572
784854207
522633732
897988772
760247364
494679879
790409500
571065472
795459323
1055832369
1043038318
848899627
523108587
413939188
685694388
70989300
777445287
710506332
676501030
426939807
1027857634
453184764
801454939
437937043
474070069
768878304
201805262
527758868
420991258
974017143
934710444
772611766
854988665
529292918
219792399
156266466
953819119
761085057
612666866
555976516
492061343
534166267
883916323
833561142
775948830
854120711
1060359568
10149540
279089692
1070811541
158791983
1017309740
891121786
1024205266
748135521
940316975
696026800
96924039
920729161
210338324
961997718
354780678
707715879
101723372
515847265
456919826
71878721
527168626
228771369
924028642
258023564
651253458
937760919
731712565
242040984
963675721
847736082
1070063696
29023909
783078283
511700943
162213271
1069742003
1055321155
263630689
145654488
749235274
758579689
1069648972
228084295
695156638
856826934
106261563
896519934
986251029
384861743
432950772
1066354888
589649807
85384517
563973344
1039407909
795523293
915803955
476193395
767937368
697808376
666650426
129416811
767615686
536223421
61488657
1073651575
1030504389
1056568480
516902840
1073565041
737280662
1055044815
794204658
767370266
225671563
1066256224
331231081
684164325
1010285924
165614566
913961137
83951950
632022230
929709354
949517790
1061085624
150464048
443911038
867895049
365676556
1071946381
351227516
95499922
779403234
195541689
666114194
972189696
510264885
794417786
326619037
226211574
1057931385
900941571
499068904
619603377
367471279
767014665
449092610
548768388
834013015
791189332
624342
225497925
423583666
25094694
1029107549
688318305
627318520
61693216
801824299
135193438
1061335607
902714058
578483630
556187105
893755166
770460298
801598769
970243418
428240127
473025697
720047481
803776431
896312548
142770346
549693226
453270204
614011183
693590487
391961998
266722747
1038071002
911325527
794756103
618135034
109863430
983459061
1030546197
773397480
761733630
634733975
1022541536
1029022660
390386667
1027765656
679950691
56081659
742629938
752674875
1031732808
909753927
223394317
960710273
746247099
76073518
610402185
932936496
561594487
735540815
87674983
175448750
587995776
911743544
560142749
932090489
615878459
720155357
604753475
259685518
803560015
259347152
826352698
770081028
442967506
685076201
1013995100
71533804
720743318
804548686
895320781
1013976526
201314645
267160453
1069082514
1038415430
314965992
952198593
805188998
760585375
1033581962
961723141
1063325060
1047647327
24001793
296573847
1003371389
63089829
920787804
761367346
214540551
542315010
1006433567
731441414
1037744074
777843055
1062648686
124717115
679219187
1064246790
672038872
498952763
201960864
113317611
804649246
16081704
448161662
789446435
955800320
1043779368
193907873
889840851
1022256002
989610674
429608457
240414561
793216508
722650805
540165006
823954180
1038087124
689147024
953021580
664060478
425049858
572160753
337551783
891251492
1022208940
670090097
334423988
90855963
206115338
888503256
1020338034
585457204
477634002
219237192
932390309
457610808
573175802
860464660
1015826927
105551054
466413439
764769668
1073212016
791469386
1064750870
197519837
110118522
662448989
226691519
627319313
947558127
484023628
795687605
620078201
587845909
260237787
995832182
222709570
124055085
1036504645
762181462
592261379
988899259
1072536104
690723622
1068494406
1042790557
1026264128
229973188
25927340
272925723
509431543
793102943
502088613
926502431
761195739
111793952
680602950
1042591992
759884724
115683979
158083254
1066729150
1011806214
850173464
916194994
740676084
700852100
895984425
882809600
274994737
1072688877
318892819
504606051
355051958
223370955
1031662368
802082490
792391763
798487865
977739608
715978098
199468919
928873883
545354379
963343247
767198890
522706558
999861774
844558034
760757463
90894147
567387623
523055347
421027671
856703366
798773080
926031089
128249719
1044306928
467695958
1036698864
43314580
115109114
803297072
880558562
246718768
1039310668
984647543
762692466
941433477
558999066
985128045
1039942526
1069254549
431371045
268008147
576050529
63907843
451410117
936214425
757559142
488821518
788746574
724601785
1073609040
1015856437
888257508
1008775079
254330290
164165867
65853395
672431831
800327851
493902214
702572645
1014091374
860760917
936884188
1052881082
15032518
117482789
384578998
1059506743
389493873
777517911
120385752
761984005
409766790
249823092
941880502
788563805
800965907
920653595
218969617
249643808
759200941
1063106419
617534612
1062130499
227829264
16996237
1002205708
138393932
236228154
372452824
1070660964
362981280
766382631
713983248
802432398
512811700
985512812
957558340
740215551
648981754
103530180
1073403322
755035386
1064548295
490952477
634075854
1062599177
760543228
1015301002
636852061
168307379
1055901937
995428713
135935242
489976429
1031351269
750527854
454092606
1063542510
1023913831
751921363
73157088
874579595
214215539
769764522
842446664
636403634
760662287
962519625
1019811787
532319604
666565253
431486098
954044055
775801635
793537435
86410795
787805258
488346300
786069417
869659644
145956407
409040723
149351536
479818502
382647570
68318245
235619195
134620769
966361879
535194475
751035547
765295577
410627216
543152833
762624308
803797745
759129766
404537474
591881579
1062661718
102713072
960069212
728361362
1061954864
403192596
261143571
888659839
1065150908
1038546813
481658498
646018696
105804171
89968099
726281989
759495332
657238917
1037022561
946392544
198901111
520514820
243882784
953593339
708297789
741489482
978757371
627220929
803761762
515043966
1038449098
996131134
986523152
250470533
1069770901
735385777
749162860
841867592
501233560
337933984
385309253
1067707137
921995625
880135422
755010938
657890791
308233194
431265052
725089102
796450419
788390140
559864581
134632087
981457190
933912855
231102985
67559087
1011719137
1065190042
524323453
793757708
354134563
990259685
557571549
723632941
719068196
539978583
924245621
269439566
1027030300
1043242455
871162684
868773551
505598602
1047449243
984944515
1037846714
1051797427
1036294053
1060290240
810534429
543906347
642482152
708703198
401068925
1044806443
867277184
345891100
807442466
169352871
153970906
787346362
557324073
52201103
523118552
736210405
563712539
255994150
444850463
635744981
803092431
1005777850
1047975221
418233451
716454718
783716129
512699414
754461293
532095610
756007465
801824835
648840120
655844045
757515101
214650776
415307943
1002879456
634168060
284493589
672182920
765951699
996121912
1027156621
514223572
802083481
686723303
1071794420
955736260
170340057
424574742
379498476
191136218
999326333
150618835
776348044
748516789
287810952
231230128
335205552
991013422
256654301
210122461
701201649
107426342
492332222
956312911
1038284970
1056918887
967357655
248853134
1013172540
1067844574
989046754
974589234
354061295
1061280948
899706943
130272600
704109345
645708603
1027962010
89342161
684122526
804470380
842594892
1046124427
981655716
788357301
623524654
1058241140
1056682815
221261807
745919801
1052959147
532151213
591147551
824161367
490097640
1041302245
1055821355
916632596
792525916
928524551
724998550
609772926
756508986
722771244
527296619
1018638094
590520811
761787366
136148666
918600253
1036587166
803507157
1038493126
1011450854
829165425
778086096
589031400
324827706
801176241
762767995
1025515025
968542215
763182467
769678493
1020847281
1039585206
393919429
644791425
670181214
563861647
670268342
1039451371
126054771
594067290
2677565
604731140
232027714
397623452
229725471
116766618
761993763
1039415700
201044932
760535857
528248429
1062374941
653704147
1820504
1030748828
794791299
630894425
398675207
684550594
1061669465
889803894
197281405
473768843
326705513
290112359
687257203
676076974
422264676
1033497990
1039628676
171323423
427182022
1037558195
1038737318
14682276
221050589
967899158
477670663
553014131
181245415
129432234
773029082
793568880
829192734
498727190
924080581
315063842
800457989
517862046
729499188
1037889970
482757435
1021986376
1007576598
312154450
751362180
818920998
989278823
1004047801
105854295
937938252
400151245
1064911487
88285948
745451133
888017279
979348839
750040450
1053616060
796752675
989778405
704375308
82119413
428359413
1023124643
633473819
710100795
765148797
742468541
726278966
965512951
795844358
687286229
128740149
439119418
561980663
934814489
373613572
829487734
924775952
424671031
1024998189
464495437
320141077
831245465
441071513
669588186
627589293
1061530480
1037631383
1065815363
980772495
682431277
494472457
760644116
762083641
1042951353
761176844
383078567
1001662164
787900812
295534275
413095858
535864449
1040172777
669661981
65534421
676961986
782675061
542612674
590081176
995467980
260540067
214192471
740250249
521560294
1070329076
458773243
889864388
222677955
676708907
119352582
499288089
660052309
811357477
661027525
860811377
431258164
1017063926
402514367
762363615
1072453116
519681586
197042138
655293503
1069991256
267529542
946321181
516474369
341679237
1036295016
226943337
116973023
632273235
657677602
365685641
843133416
227848503
372438928
1064621631
768931610
719550397
1066923474
784882677
465889553
804310040
239847020
786752274
464484993
855455799
510925765
1036948321
678032079
764958899
286772810
990987650
368356258
1054514608
95847252
971430214
424318469
141542326
994671500
909269564
536280316
769510147
759650247
248934081
265932759
1036453609
1062931127
1012708004
1032129028
462723463
107152962
375374566
932959049
668560535
335694598
1071252846
768371463
1014449011
871209906
1056555596
767556869
554318801
759613375
314424941
953958035
703571832
735325017
197679920
999035891
792575516
429975307
594669056
1027661845
216363951
194316969
423638802
848813538
528215159
707214165
533305380
292721770
803466710
406665360
760267419
165839059
929815215
123192005
259990517
513292549
1030520540
250091626
999276114
764430248
719091049
717228700
544406655
318240353
254527178
942874988
740788866
843201527
1047753005
1027946679
253669806
385940732
1030940008
792141517
744774799
481014932
1038939825
632021554
189722955
500786568
908389167
614686413
804085469
381725214
795190203
948468005
1031196759
1025383169
649787080
535858408
1005510766
292932347
540172192
645749807
841926337
783749836
644656445
1064873920
803071802
1003475246
1069352102
663559263
764122886
447467684
197628674
705985989
743338734
1061916015
1059463634
778375444
728944616
343926014
754716633
554872213
390645020
663790621
492047041
1039061504
401571206
743559052
148682871
992022645
437389298
287783788
1063181953
549131387
168218068
922862821
1035328040
630718739
637638318
868727429
791446173
500211248
857155219
843024641
595913229
1040052792
761355609
504975098
795860954
1021623336
771881589
264170965
1038956322
1027972829
147091564
765246152
473661109
700971811
341836500
122063390
367853243
773532130
755284789
895945406
228036472
930739870
1029041972
257402084
1005302325
770800546
883649228
98917146
477998000
771162359
441780523
539030711
1039071479
614995168
1024723776
794993332
243459345
745431602
1064351977
725585804
655309156
996696187
1003806522
600024008
483860393
196849754
1038177604
609396582
991221234
453423399
1056454031
160413939
1069668970
301450240
769130208
801870397
890033773
907069268
158927050
231789155
970227086
634170725
1001694148
484100434
726267826
883021923
275440503
846634821
331021553
516942444
702789811
368703609
611571800
602960457
792729072
448553543
966405855
577882174
801546670
912242658
762535028
779419075
123059693
997062334
1040121220
926132804
645274695
156714195
185554069
925207079
452855334
762349714
298460775
778431759
1027354335
328688904
760767010
862875411
760595478
918953957
690117185
778975564
797837580
7236863
833380260
987070573
592966599
740236388
1031759972
947937096
870529899
1028032917
750314563
786230387
1071525050
937267978
1023850675
218177738
1058925383
1070318514
795710874
535129690
931138468
67552404
125165100
575506612
745929988
259333572
230482589
941131763
12592901
801963381
692504963
319201626
1040056319
819574994
956037103
140234523
720153215
686355190
781842315
1017294785
639094671
880058319
195810645
693421825
749226277
631825332
98580036
464826275
49073281
1067969334
761167767
767652008
775406123
790700392
707112671
250035068
140641493
917470511
435064726
770226342
745323402
527514500
773776362
724719695
254470099
207093217
493635319
1037898770
683697386
123114901
465361137
1022576221
1063034043
332944757
626048777
448498367
235958890
637465594
762314977
544746851
485566037
106639811
192925603
411324145
943613531
24538791
704660605
780589816
881382449
753205025
201242148
632944317
107893172
771521805
804686347
890024741
543343269
720136439
545819064
148482626
1073413167
481800092
274738871
1053498913
175090163
990291490
93864976
721888075
869742733
1045073739
756352928
1035503290
289239995
98328688
500828126
753647418
181820676
1062708003
613233332
694651631
695623111
337171374
645251964
1053427617
81699017
1026326475
701857400
315208237
617497060
620719926
649053981
643138275
699047175
282616719
319185056
754382534
649171607
1038457289
783264317
831540425
29586462
762275905
935648430
473450680
519884654
373216411
720245589
28296850
511207571
600848877
953722757
1013912257
432335197
50850026
804132699
434437477
729108196
475828050
242812351
743507265
1028750441
998098996
432323548
740665682
336000107
745388185
954703298
828798345
1036613537
166387288
1052171454
578911450
745142863
642297484
779401123
237725324
723562397
99057453
83846943
832882225
281260537
86776794
425701090
748692385
223262698
794007121
673764610
815784920
470905850
428781174
1071115126
765270769
643539996
727082699
1021591464
872893494
1036790527
130793143
137263525
1072102965
505467626
555627689
769589141
468474900
39159107
882731271
802641391
707506053
762002551
886658252
763802101
829109979
919904714
915368685
247314689
905796356
1040114584
788215369
798702315
1058929994
816272448
596876117
284479159
1063971515
752492408
655291314
46921748
916845195
495769416
361857745
601874150
971502196
801561626
665287031
190400068
63229690
487827061
662918595
752881463
21892064
1073279319
496271234
946449587
759156113
762615227
794293918
226261018
1028397906
792698052
403094722
708457866
760564527
1006796244
816468526
1049982633
288586314
104910877
758616682
465750864
216335551
821939538
576663689
140124414
47435801
225141405
463070237
494222442
1022215794
862158019
770064368
889647932
516134238
825641579
378763045
373613301
924711475
591879185
628257464
1054873986
810912547
982217476
794607745
1044179175
942208391
632330187
567159456
332242556
401610361
376417717
730207121
241286554
145066992
1046457998
370577147
935460172
901040542
950999993
1062250052
677719667
1038595007
683959622
736223498
831626856
124264030
5772846
464415647
643291068
666035715
929864811
732853467
770894122
785237991
804487476
583860875
639628378
832046162
115124828
169317781
743773046
759032635
800528980
112268891
905790651
716294365
793043180
404119485
123478141
737525505
1016865675
298099188
759974490
376840377
1030059757
760048205
225026639
999922410
555797363
435477401
893305860
768543595
661151018
746361762
924838717
229634578
627210707
673009419
727863937
85441396
208052040
761265533
941358457
688205505
862805952
661001580
635322296
1030939006
273286501
998147961
1031485078
492111170
1052687863
212910573
72265375
793663070
762847849
502861502
779637234
461488948
556276944
942689150
771337291
627615251
725591968
509428387
943720048
1071507003
673173616
337757518
232694318
1028942522
756072240
1070992766
692961003
440476794
207928743
768784824
15495071
632179740
1070444362
344914839
426059204
1068775534
223749989
1066965037
200607855
1066063640
1061805446
1029694027
1047338845
1064606592
1064495952
582065660
395143084
790035528
672536929
616763156
484246906
962369173
672420825
1060654944
769720302
232183224
407677109
933608632
583958830
231375607
1028751027
794572990
790903846
883406622
1005940993
235447542
243168749
1063176417
709290317
700444276
556277390
196400355
283460917
491678562
470433062
1028324401
1001337699
623602733
774823280
996679787
461226555
762707512
759794269
574577172
767388781
1029109775
526383540
1042195321
642407059
823250859
996667335
780637753
373162814
755498125
104684750
623584680
809442193
432999286
79511227
1044292806
577258160
501885994
655636983
126225566
960769575
890616383
349804620
793057316
1058516814
602930260
583275444
402798706
901640357
770512923
770031268
92727304
1029943718
681256130
943303636
524587696
684320233
499269131
922268852
953298536
773227302
1009400916
925457934
238143869
802300145
54773983
254282836
386539765
845742575
1012267262
544435479
146741320
917878324
121834054
637485858
1072476699
155279133
903150232
294572013
1041757550
789266005
887941415
692464385
911688462
714170865
900353500
1018879095
1035578921
324667446
1030515533
1037949317
123489110
841310735
642918794
570232381
770673451
934098715
585210374
685572027
1040346757
602039714
122673806
938222211
912040570
945062154
1050756656
604694490
660008091
936717568
669481592
625936125
1028374881
72186602
987816701
293475
237422970
772678232
1070525181
987475845
1031871769
500726925
871663627
48653258
173940445
1062528916
1004238136
667667311
661216637
126162572
257788784
184433462
798744410
248630290
682411183
1070786176
272908849
760385210
355090431
112869137
615897267
836021976
942257424
930958456
1055153692
473604469
451806775
566251533
230728304
648874917
1073674270
532146169
1045720362
741943796
61568975
968417209
775104153
553711128
343454869
590778638
945975458
19317489
804028423
803441527
579835455
501540378
1029793403
1064496249
607276714
760900518
722132696
921168367
1033216369
627432304
759457467
496436940
835638104
952257932
166565310
150574120
584602183
231001941
151044086
821702320
769052142
427525543
437628932
979461778
345983388
534567662
495660101
787303852
768975025
97635818
3514995
827809612
883521443
657399686
672345559
647358715
511683452
637460379
551127120
205958843
606361955
88458784
1061642489
588143602
890493117
15661930
757317432
902417333
697376738
704043578
862097104
882439838
229545789
330341053
737862048
752331008
633940037
938450126
334578944
726001597
45162377
703347711
641350699
797956019
527958268
877130727
556987172
1019693959
1008404282
683644307
952898847
1069629358
570162291
26350075
765605287
622673797
389461907
535161190
256276126
426720971
267861191
988217184
839718540
942388518
352146571
758665055
344374094
448492633
805234981
106180337
635698761
691191832
634327917
250157115
523880787
695919128
451525793
517479610
626746762
323211959
827168355
786359659
650656872
768698343
813185863
805238284
909427326
157769759
878681861
885099750
768405079
579752890
752333848
121679271
789693124
82770376
667754037
582166282
1038075718
518667883
590673046
124779964
231833458
792881148
599491312
1029152189
132579359
65551109
745486845
607175148
695607445
130143405
720690979
700348998
619122167
1066789839
460798521
1060041789
234004310
800604468
831847510
759680354
392155337
790017530
877716402
972329284
442450737
327271675
937884533
668701498
803068063
951103140
668955687
158640220
575669849
757292561
938506235
796767992
975441760
798206560
526591838
1071060535
75208415
1051850049
803137402
727948046
758553041
762311901
711672330
923453236
1072464314
948601728
921353693
955868495
422167755
578872190
1013289104
61417545
545521445
768456569
491583302
1014943424
642909896
76838078
176648491
866849170
738422881
802391906
461221983
78506639
362081168
988400478
1036543963
593995334
194728576
94812381
231203874
166067404
162283011
928824295
494835670
983404199
134500941
534253702
152019319
1004509395
662607566
805231402
770600261
490299020
789838128
390185815
688243361
446770093
596515573
207012425
656371279
952812531
201212077
376130481
547737150
764741521
266090035
793771127
737093340
767678529
1062914264
210484264
587510204
425676142
182806856
1022312584
198174453
397252256
204642033
1038365654
791593846
367488568
695898849
1025319726
1065729826
762300852
804311917
896464186
503197655
787795783
1027075903
790112508
1019830360
762768492
761652830
914931653
966175267
751752488
131149713
658530823
190856854
17176281
263174057
326945787
312354233
734439086
768085855
444266892
637838233
124608886
935929749
769926943
155329784
1028517420
780166500
700496550
1020855312
719484866
691454658
497903452
419531101
1014226912
1002715369
536203262
672383403
999346320
109034419
667704671
54355610
118568849
978602394
208457680
391298405
331789107
992921051
761620508
278463101
15656588
967608022
761225111
91102372
861245340
1029064283
1071179415
571140687
625299708
1022684484
962659235
959296508
790085265
456433442
1034740079
1060872936
897826300
142036831
761074076
704587138
714888946
595189123
436858367
660463408
847641178
866483050
234919307
652716198
766617461
948236987
571995625
1038401456
1031599929
926898019
914611524
773934692
990887102
418562469
577881713
537069895
734654917
794609031
761248255
760548445
233217495
49411871
795795333
746079187
249545314
616066821
146345675
1028904058
1033243704
948892584
1072254333
998928951
424782623
232340053
207587275
524248562
969715547
829951248
519879443
766410282
42514074
1056142587
558805840
826121961
176800054
662441069
946310321
935269971
1036903353
425322829
778410688
645264121
929155164
576301315
1031186106
138862840
678818295
923853171
782164820
735059689
1052847907
1003419607
469116232
473960543
832007055
650015695
336919214
925902487
224193569
374924861
57528970
167821282
417745772
47233846
1039409885
384127894
769440001
1025751939
770784286
509938531
895306935
92139427
1030190601
614653305
585347127
1024928945
743107500
723509081
978995719
215802033
518503562
659118374
761853520
1001511748
676480413
653063263
590046448
215031746
966070288
306548973
1038819158
201910931
896325519
1062973423
234012166
1057469353
229395400
148871220
787610704
626124572
747222051
729316909
742483476
1031597265
501959881
832263542
797827381
644320656
766519975
517229876
776814294
1028450909
437485460
947168120
1028512977
772584486
1020361938
505097183
752550570
984427486
760606669
1011716922
868612378
958638394
200741559
209285050
153108555
548415457
650717608
1067705464
1004890638
753760052
459605303
764308262
744975637
943120815
125388012
755796810
996999162
801688272
424728289
643007744
972190207
720193427
842358687
762521425
1037170430
704030466
98204030
794668666
770293535
61156486
826623938
1027996328
970923476
227432874
1034993341
762588307
427541299
800130973
831831988
901854107
644038642
522008142
404434693
1045416149
833431497
741967538
424503065
712564532
521660198
104171342
759492116
798191481
83048418
192517751
55226914
508861007
814148816
648055972
1025475348
1029802655
877781165
1029369705
756129548
90365704
56835318
905219734
1051586809
667713569
188516199
630050908
274098401
837001874
570172535
998061820
612154448
1072938864
52845176
112705301
506293194
457846124
586948944
704429675
777653556
781740665
802549678
438771111
989875507
468793200
726528651
747480842
603352450
231247981
217095616
1025433749
738005901
162070011
426806063
489420542
865341293
641087434
515492069
373560157
805301181
720811991
324300095
898510731
628272677
301809085
78106859
232126492
577483007
259128144
192954920
761683173
627089308
1033121866
265070237
264723350
1066426461
665597439
241415962
387462640
1030732235
1061681451
1073137949
666265176
859176186
126451392
92855917
794630968
542969064
995865252
960822471
1047791221
749619918
923729845
793165520
431390378
856252382
780960965
883063687
375667268
410188723
143247197
198921560
857341628
782839421
1041660853
106225478
426097713
345929445
377352735
1030740870
955061731
405361165
424775320
43231508
722644317
751650700
448757381
459786134
728844447
138387026
796079390
438388730
516208259
958356130
877500898
1037874837
554318166
254945646
941035069
998948583
97959888
749645049
551209305
121615059
789949007
730282221
249087448
1053037438
627109712
128804656
374095626
797596397
724704247
738386612
577543288
559947454
811490102
1001733643
856783412
788232383
267307677
802028602
1025816478
116176447
241479447
1025482740
952903253
784852073
802091164
324702854
649889792
824952001
1049452363
980723359
455514152
869038787
624102155
234805936
286571936
968408410
714399363
564419264
795271234
244570950
1041475297
997329959
1021851332
1064052831
747047072
721185743
794749950
944438085
1030736363
441126501
405350578
920632008
370901781
768601060
498412922
744503446
727883247
372521924
465152802
187550185
473804212
1022088368
523554596
874874534
472766352
722975487
759584352
770687101
785183724
409416909
286555315
321764984
646948781
1017187914
884711161
534909508
122695097
1039987207
1036868658
1011529911
349110231
1007167539
936208760
801306089
1028287238
783762409
13858461
789015896
532799790
770091071
589114828
50594642
618905536
519941228
566969113
750991805
682751548
1037515325
772290145
672281040
32384837
60935418
535664480
511497892
819952128
772267646
795859649
840036003
498046258
350585529
745441540
964610291
167343695
206306566
342648089
901300533
594628657
568422787
234818308
883939007
547690969
109551672
636139306
394776573
814487051
120580577
96600814
852862942
390995613
708115311
746416410
768638257
113653759
391559991
239783935
954000922
737695498
160419569
1031793071
1063857142
770766216
87363738
795913054
789865197
217456352
925726164
898863549
1071458681
1033443982
472065567
479430820
387295868
795399220
1005017931
323121010
1051882709
841948439
510477294
1067208965
1016804608
189828177
1013168845
795790612
943798062
215169509
698701927
259157135
771434323
599896554
801016589
785216201
747294229
1000338332
526892730
193877785
436554894
780806805
911710315
769149160
129634834
406336385
1038015413
689634855
197618158
226284941
361030464
945454948
501017885
740880467
1029634799
744533568
220213548
85657458
878906979
676745049
1038115093
491738767
231685472
350713798
669505982
1069903634
701790259
1072874424
502232973
1063646310
979498842
237968141
898527158
893464763
18736842
431054035
1020718104
226493801
256766217
24528882
57204537
528453532
1045921478
1067013695
80438509
46498208
595294985
689897691
1071510625
601188875
556853639
1009573710
810916348
415536236
770976820
205579411
951214516
147631974
964343149
698423646
162358912
885002555
621048451
1055316782
704014760
570036181
778310795
219270930
98383424
460529871
856017324
793563740
290195377
501655019
1067734598
999751373
598323573
328266208
708693363
484748643
847166691
321107482
159842187
962035464
1001471459
886855634
624482451
147112919
1059974719
99576703
209441251
595702230
507498550
601824454
1002814266
776936140
942640915
933196952
828762902
948401725
407780708
1029972970
1031135075
501606785
795151923
977057619
648060084
258681641
1001926671
1000138321
798323570
648640313
1039980328
794847423
760545203
708220807
664746769
911343546
746499230
320744893
571289172
737247147
1057685085
873872146
998370357
230981005
788635467
497344486
1040046174
697091919
752677143
548243000
698504763
873315334
507043970
300489048
208935500
516485031
301484697
662724674
492724739
183792213
308160530
767621038
1036277756
859863612
257624938
751884108
989006550
554974722
726171860
575299643
439149080
525445880
1058768906
729523119
861484752
267469013
58701719
232475158
227839404
1003546929
201384526
1060930937
132349916
1037415374
516328723
1001326133
528245719
630887284
495953323
80548865
937840294
1058077964
803123156
1053259524
994300938
214838610
331281015
403118738
1031765725
60315371
491737025
269479739
450374084
1066707558
297340213
982947312
802167664
952314933
977535909
228950968
491678978
1050476532
922028829
918990443
522517183
661003221
791782512
709161924
525257865
352311602
444850076
737078850
1070376461
508591970
415075801
1037489437
161835551
755648209
527941987
726692245
263454896
753424028
666727779
694606780
86232001
951909155
743817457
606065040
635037196
835376503
801952577
802454674
625566519
970966158
186553939
666569488
839963164
764805532
1036455102
155173810
492283752
773301348
1066920629
490057451
199705467
792083386
259441934
828029659
774996022
467928039
533224791
641458782
1027046056
904974805
1062204504
194932145
765174182
1031000961
635292808
1006119475
149066350
521928464
611949487
792773931
864832497
903395248
465336582
770768324
683363305
695777865
287150174
465914198
709315204
204869375
1037998882
811656578
849143127
392975888
18521968
1027996385
923013721
360701517
1038718874
59649848
864100052
479936403
996048002
130419752
647939682
1072037717
768506150
533884417
715467721
304479055
1062082821
1010365637
990254099
194238820
232764012
755362583
632834860
1071492796
975390515
678419520
1032380059
755190858
656667908
498967669
1030044566
21670575
712161733
472332969
1058855841
373742583
1018428979
258926183
861752257
1003395009
370047238
139400779
130154068
192195867
61572792
775786157
769040878
977359982
761602998
491373813
84729593
224383645
779483821
769127195
933071775
93365842
348220405
390382382
581053599
98399570
479517172
359376557
24322330
1029745747
1002743597
611802068
765396936
1061414197
142007997
551576750
1011804414
479624627
524734365
802079876
732870572
1024671887
462602049
53305081
370399922
175906158
869871613
212392891
106195492
490627484
22136409
235840375
729554409
751553913
962042742
819479312
793565292
532267249
483117810
851101255
1053163216
282416729
1071509740
795417114
85541506
224448141
927302229
1009036292
300579689
737539824
890932511
444918133
737653566
641560195
871798917
408961642
628026894
786635063
523193612
639561573
755180669
1067925732
976403361
65722353
713205364
825388690
786574232
434287452
557629888
462720397
1048463225
979076498
25598773
712178865
263914472
799145502
618004340
485821562
231571140
1071513193
794303873
958213627
849292430
435584751
1009155744
770497113
670874781
652865400
482700040
729709367
1020342202
300143184
829702391
888517425
977634946
753872732
587383622
1044541200
484616949
359866214
1024862429
608666746
877439858
1045669005
219272098
272866127
824401857
827283407
449687178
506646581
888387344
1004729867
1070400791
1061913940
141485939
516905542
826884743
101202614
887644893
327495529
323537443
796387261
763106911
511561620
391989015
760653191
1007555954
190972281
933256401
158247211
801461101
940923877
734819231
416415800
444322792
770581122
116858346
106594452
343855247
795265385
1003992596
1032905419
263996732
785671380
421545409
1044371914
590329126
552402581
793160823
790465234
793614624
413188366
939343744
234773975
763120852
1029953892
399387697
575731463
726085042
323373613
282066909
32066921
335515371
463144924
367916187
782925760
336735901
724639112
232777290
778937236
126335046
1013786117
1039067967
743372479
850437321
301268613
247273858
925368433
647960505
61018744
867456609
869199227
477631057
1002949586
1070393565
398423604
472903203
1063149144
761642976
522791503
151553630
774277785
764078911
356537172
661009311
759519497
165264054
829954695
705725797
621206353
880477988
416391691
843368230
1014490594
982523792
581786100
12353500
570071530
1040497642
1012067924
1060085319
261619248
997684246
206780408
871097657
793682377
760802527
203016799
72456459
100385114
801214623
658843829
181866334
1067896638
1070381961
820121303
375272383
706098868
83345570
674676708
673017950
272143130
285963281
205949279
937224111
1063812079
788058776
401456086
764458909
966560334
702639882
55921587
612212605
717219847
623976253
27320302
706804896
764218009
47595713
952602752
750440488
561433518
741279102
551808006
334871616
548733469
219647995
978831170
660009234
695145569
705780607
17204021
938167405
143009931
487786756
766998421
462846241
1039622712
36936519
564092127
779089954
903736595
430198431
861123350
1039007552
701496154
751499095
173054855
804125085
201291373
523308628
729766105
229490933
1029560229
760531356
777306562
1024846697
669908052
776558941
491883357
323908267
1043982172
37210228
320954737
1050409726
770207335
179166299
15611767
917058844
1031579481
29446551
688858698
286164502
878494836
133969165
582137480
439639996
113864167
965184339
80379515
685364352
796441541
1028024044
1012396217
727364584
67289391
89714413
876390756
969410676
1062107323
777429492
755978523
877725226
797537440
669875998
131617843
788973437
703031702
627213311
494714888
1064436667
972092565
793972768
222097708
760156799
974911441
154068721
1043771105
514848704
1046730283
607553499
1062846941
231870074
667213503
434898777
796098519
540063020
660551126
1029984621
265611374
540044261
355043920
265435047
782605039
637330554
525873643
728485182
899866231
410369116
614241827
752217273
765065909
432703174
897868219
500172397
1061129953
926180368
432090716
652493405
161410029
657100256
775516706
759487983
1066644715
716614576
786309955
531624215
918650114
52033023
784791078
832845918
210570743
524646230
26822241
3269129
801886077
491859883
748419266
1005027051
886104467
1072453700
560468875
19941243
803062845
970189724
1032217197
882722045
701995359
180300051
786536797
1073193850
1060553619
677099518
653602790
1066487540
1036888729
426074173
991353798
769650279
693835787
811286659
265705729
1064011028
32890399
770691382
762043471
613365524
244575977
1070619048
48001916
651651873
901826519
573669660
728760975
761247725
438575196
526428470
1028521317
658812752
435326572
661274925
672438759
845334483
1072603033
796322962
236125954
661331424
1050498060
1067703829
974576783
803729101
792890901
999083699
701737051
315946738
553846786
835097322
657805327
1046877881
842578738
303596463
1064759354
914621869
312835564
330315283
424045435
477760821
634404808
891865361
281942888
743184388
760889115
1038852784
336834433
793655672
705144748
739493883
895722103
363654025
56786804
689906175
852988783
529365150
1039584823
597012132
504721940
1028962494
490027361
762322711
949848373
696028432
538532517
177206813
1049391066
986893550
572552625
992717114
613626407
408984884
1039778742
521308414
850423600
133153883
878003274
796156829
482205396
782565848
118718994
1044947624
243086916
135505842
539253558
1058102893
925936494
793574663
895460520
563896724
837741223
751251696
912782699
646805265
139354472
58146514
759541487
418010844
176538899
760623419
626748239
1067960002
806855194
396148732
564388256
700686196
803629645
63441000
652560569
1010783188
244206315
218338539
760913909
1031580946
909410953
554521504
919044856
941815071
965824317
1035893345
126156309
882737244
764030451
799013685
1026002740
796572927
792940335
995593910
141112213
1001811333
503770214
566272879
638073783
90937726
679394121
727088939
996649786
658657002
188056019
930496279
284383103
341946361
748323440
1034246765
1072681272
952659056
410646125
1055221634
693151660
549476951
1035038363
259440414
761974468
942562938
104660536
714962981
98352152
724941774
750057603
1037512633
662400022
933157986
453477898
777552481
350719578
1067953350
441450009
758285865
200856568
753978785
818866593
907794973
230760349
936153544
221353005
239259262
682091360
790233895
157762737
785294433
746139936
741393314
161332216
870918804
162258719
798337325
259214121
956892931
547063847
516527920
964077175
768725309
996027284
313015573
1068363348
462125144
199384849
234298081
913679181
868889881
98890599
768389543
1031485899
732274582
1035044892
610126215
362923446
811078603
633746671
886828223
151736820
641770964
440727134
495123946
357265134
1056109773
751746415
519883551
634912928
438357754
1039024149
762048629
652901333
796390973
233593437
210927858
555978525
542959921
536574960
434829115
687132661
467939679
1032612898
410486902
526179679
751472055
573698492
1014113675
560156186
532478128
423862941
1068098329
1041536449
1014903792
971953674
1028050743
795070944
776075435
859003687
651459851
419337438
776778521
969345465
260116571
233037693
593312464
753725559
654666638
1029540577
721897811
442299963
1025143348
802657959
1061340797
912705293
916217056
909612990
488481248
1035967638
333311932
980990175
1028650774
862778636
230580395
194943330
1059378915
758237740
21727253
1047661805
924962475
568841744
262777448
456123018
1034710937
804776884
1019442717
1066906332
208645679
763296647
758777543
804775867
871037394
72688662
981388269
985857566
276397474
749115395
693699461
794881769
901696310
1005822004
951851710
579140954
700781260
130323139
986318949
440178355
390505212
989143704
1032039101
1034350286
1026539477
262612084
219039930
259921853
801152663
1010900296
1058452801
636146753
714342203
696171468
1014441646
385137988
287643110
887741644
1030143797
868047047
741257495
766678543
200796118
768960295
889244778
477686298
258275832
873088624
1043060615
895665016
1030412906
998731628
457059869
773442358
1048526556
145715169
1039530803
761476151
444687126
989456257
635021017
975617252
1037971721
1050945727
660878104
889431399
213839522
788389562
516519640
544087552
337850032
1034131418
1062296580
957514823
801439525
289144019
777816182
657761450
794143258
715673580
868465193
148501472
308022381
1031743318
962402394
232704008
614469078
896324462
798993321
631192601
703326066
567265211
871345583
213003520
484109058
531872184
1037027086
493725794
1024651819
677744782
507294063
743408347
36665022
1064414217
791211174
570258060
926506143
1026734825
788746661
695289466
536628669
638134658
507536672
863529605
520424078
801627742
968698090
973788698
94400651
898907956
802654851
525355992
456957692
401599992
976915395
950187771
736246124
141139144
993418603
1028484804
675983960
910552400
199159315
751146803
792613792
849986231
803057788
611826365
652711945
785878202
1064042235
922103462
1024399029
760865074
765065925
