683562739
657853096
937235737
1054669452
968985885
593577793
779483562
117080218
566650716
322813275
452692927
518970568
982300927
193096691
303257403
74791476
263391187
519689961
663988344
318709222
250913976
736803888
971020231
522991019
167607130
744389924
401345514
19596396
756779218
740095366
366581818
939252460
53863635
802011106
1015444108
786012935
943836514
261056716
128369184
375665057
773048055
248819467
262994839
61438537
536294867
707889920
866757732
234158782
106717307
804379873
1048413096
760705021
273780477
225296683
865173603
264582733
732694299
527953774
1037560974
800088363
393143215
1064227078
238395323
805057866
846691659
329053153
366297998
186437172
766633917
451120786
517972037
794819510
1037750676
1050055114
872005355
942813046
949997321
934403271
265744815
1032961372
760177627
478039346
240061005
249419625
248931301
944625319
1051083521
196819472
395538746
534785186
616618363
596290018
643103104
973508995
1007545943
85436319
687491058
783490210
268101512
768667495
823466354
1069990101
86238957
989292340
514556875
1012626036
1055384045
178400958
264374525
1054653626
1023409447
921433890
535160300
653416906
1071685756
960902863
1071088988
700313584
504768105
848585160
186329223
744559756
740479363
173995717
813013835
329093880
1071448372
1069573507
701349738
724924009
1070953593
446334270
1063425563
939375187
231328404
239254632
474312407
365735423
669939208
995153140
575478632
830516104
820285216
670014413
658090375
1051781347
1002096165
149950010
336125980
1053736858
768590869
1055412001
751656417
799864378
652697291
913766107
161676694
1047818103
265928816
522040236
1055426531
543477792
1066284705
79074590
477876921
994270523
454026123
77356400
645746110
930199907
769440175
401123027
772655536
771360495
207634559
378214014
1028177353
654420123
194009391
592754675
964147495
734934173
452048104
260371694
183681579
1071634970
519501446
181724718
983560239
240462031
366395016
238184398
462472046
964665084
47342563
483172263
724978863
478680086
803076744
516641934
544791232
800039850
1050972965
144734645
987688669
556268564
463784377
519009550
359822487
752035780
652075181
126979083
1047752392
188095289
661499391
520060813
803166370
523682866
938626300
197435433
850315458
1056229065
636885821
480846286
1073605332
410106395
910742860
1012164572
332947575
219575934
784961664
441788215
463446938
215273275
396525965
77858865
410945710
782853783
199719621
737526475
246686769
48324345
358305103
94894567
205644493
250888027
797278319
247460300
52328631
689622059
967398768
955258267
339777014
730892619
392683311
247185354
696602230
393926706
418808488
498244862
535984685
518472900
479406987
773581005
1035022678
802388565
884320892
962677774
788521875
910845535
217364592
1071374810
1068969943
260035447
915793625
398066032
249221538
755059442
730910872
147481809
644840719
523180981
185465880
28545086
787967987
250727511
481433859
1035140625
517936859
758155527
927920898
115138431
757455746
75947344
195377417
788386306
716946821
463416154
1070290961
130246255
323262610
962471933
1071039805
863071601
221833801
603153355
153653719
854712190
385407908
470601971
227515421
1048037918
860243158
622896007
780567608
168375377
561699510
777999537
702472328
248365888
146585102
1071685228
748900323
1046748969
370814828
990503071
635848752
793085689
1071446142
250344672
179959757
183392582
1061453525
297526107
465947143
152851557
698421886
517065367
693377681
667830642
473828028
920983628
268274261
519353913
514269750
566503742
958380385
601764418
655241419
1065842096
748742416
399890914
805082338
484192140
250822348
938377722
609566634
142341586
983400138
803989497
105368747
553431920
619931026
256056988
508021118
242429418
150163681
443418688
778018947
752203183
904697873
481287658
395631759
1035657366
834181848
265288365
67722598
328559055
740393575
1003478758
767659637
715710146
804402897
629103169
5253804
158239273
534577734
1073010087
738150677
1019112102
373513719
1035858830
748609893
171139493
435014616
843179597
1033077671
120269068
746815253
550019290
256674653
1001081196
234938931
889141189
515556346
508669148
250275178
43793044
752204724
399620427
15431427
247573415
258818399
1071480792
70022803
890112841
362808048
160789752
750168371
158314900
419549494
34011073
1048902398
723816176
1071134602
255255530
845633121
199197784
564661623
535904251
171066245
206263037
725890117
129788697
1062894174
1072653253
376052553
373583972
908465950
786167239
229258193
75468649
330403376
763008443
262138999
985241156
251400590
947058550
708502500
657972586
723021174
521303738
723304989
802650278
779200601
12545139
166649841
582466247
647502973
41446997
92943230
996901281
251642454
939634142
1039197879
418735199
191739729
740073332
822918549
381265500
524060532
368943682
395665237
193477939
151103254
483504853
401059471
901759719
410599373
895729029
154361068
1070695404
534225820
203280026
1021617771
793428363
397736045
56098850
372297427
779333059
480755131
958411018
249471548
727805555
479045790
783245254
209312068
998882430
308344562
955452544
952856340
922488930
934268986
249413016
266120077
536133279
451206484
890828874
211273007
1067753262
577838462
819773678
291931633
950612015
771488123
137719841
533672680
250918078
431238366
776893860
533198631
772954165
251436305
445607798
935130787
1069118333
695502630
1030803382
28341994
199162968
529369432
796250963
1063764427
863145146
217415157
468402334
1022263672
995049118
451885072
852627927
1047417953
452854325
476696646
925071287
263189640
528245694
12717382
843146620
250931246
691404402
779058350
121087429
1068940539
337899700
1052055150
475417529
618817636
770003592
107952432
502519546
216352007
406949943
504645715
248969183
29657888
1020181196
931893903
534772384
746859518
721939676
422646711
454963987
425492532
803762409
538114473
1015452757
1072107581
1048028431
1008660774
276616347
916483829
265037182
32020880
1005609182
517246629
86412284
782813818
164510927
212053955
647642554
844582444
218858124
116914087
650738655
517251895
259521304
143716488
1009932583
302231869
798486707
805544630
230748533
504425343
708760017
473677143
1046837991
264515633
461187175
792558028
866828986
949221371
785146563
600522080
804121621
276142868
797320198
850046026
773592310
784602243
991272640
162275067
125397190
530205683
144859126
542107635
757461183
468816476
788341424
886534843
1022683759
1021899537
636338618
768140400
166560726
149743000
358507120
743427060
211921854
446682397
571694327
261501296
267842530
414399226
577889949
507068023
246586945
1073482131
238344873
803194179
315672804
803730102
1056026948
616316470
105335035
741287931
341656207
1070791289
684070989
898632631
514348894
715448885
439534182
1053942089
960355001
491814905
500359935
1049851066
804889646
485754874
515369499
1056238347
642317730
776525801
1069727228
367529446
832533226
233857888
1072231773
900142791
986040384
244394716
263533368
214962473
854803958
374022392
376123901
518308434
1035362835
972703358
316011551
480596001
784414618
182552225
957560097
98656883
531023532
33749086
100086345
209174103
742305642
579528211
219159907
853046226
181045080
756645105
788471956
933096683
94758382
826788418
804214671
794832551
347583573
89638435
392890796
147486644
536698094
219119812
1053887958
27322297
541122401
646346960
127330219
345465138
1064416149
125435911
415066974
815035704
644179584
896455518
182384881
249486227
780585805
1071500123
436727430
888765900
756217972
614635261
1071236769
138499029
1067344641
131540575
215554963
143187013
323135954
525115262
905769597
536853519
607657850
264897073
1026206617
982239347
784688015
703310283
47293439
876654070
785596203
780712366
1050201805
450441597
1054394790
61601057
67216254
250626580
100104866
1018094547
533286940
339412706
233152633
161841502
160991641
164064642
802211686
159981555
571960020
869848101
578714089
265715124
263426713
535237619
213952445
1071070585
515817489
668669522
985254291
140968059
266219403
472744277
1059395250
769273090
77986100
643553830
417982679
754770782
263855296
517401535
668471284
1052159702
384084685
768817574
199301165
1064654102
907208699
614687389
1050077253
519560645
267873511
921773431
232556946
552257266
780245238
188534696
267373184
128287087
512672748
91390580
1024618625
385773661
443013109
577181639
225907826
334631491
660331380
283855685
537823047
929949673
1069491891
902909281
612456974
222649707
804580200
164098155
1022892984
309918193
514913937
265492892
134824187
306740011
711196765
35257860
137757260
536555854
759204646
614465078
524539471
446184430
183379886
383852059
732107369
861633065
198105097
525979312
452917545
377064248
517860094
172778669
659295902
142520244
45910922
394697113
1030889106
947369635
397328363
474918700
963097518
1030735343
85254575
343178224
520010037
934721562
1069409190
48050669
1054398210
804777948
402683494
536365043
206445236
258400784
336090892
758200133
190844555
912491192
510978875
475200751
570416944
710602128
666179428
1055778064
854832278
768048663
324400095
201730104
532476193
1015763137
203882063
964927332
70836476
924922173
624186383
116714330
8345609
1055896497
800540100
515547244
1073475374
495162104
1036827531
290906030
190947567
376358254
653485413
887321970
185342354
251580870
205965946
906296414
562286342
804452045
838424900
592963223
345624432
317330724
985954714
155176513
536629756
183112667
359488835
503598276
49374706
232020691
525794420
804360248
738413775
1068432765
162983612
1056210021
769747169
912425789
113931227
919755613
735547295
515771027
953064171
1059013301
473674450
316960181
1066773417
1048501659
268315819
314928979
336754709
844711942
662985467
265613075
893790131
846553748
347211510
76807736
321061122
480591999
728857560
797841383
209961941
1056833497
48164634
915291223
608956261
214592040
365430547
1055102236
963450252
588486195
584712531
182623782
321317483
564035402
484899734
410365766
501209902
1048025215
1070642174
1049420004
695918970
728800260
468967548
324331507
248659609
943380775
3057861
365911169
509075005
1069082344
451128014
1025679280
981317871
484431798
805003468
525917566
889267643
534259068
358648625
435778821
997254162
502533114
780856337
151864779
685565756
214176397
407042996
191542006
491206117
1031021648
546856613
971119683
841712
882337688
803180798
801558888
196799402
76585572
106492886
969362102
534310030
69059659
168942932
1019875725
776255015
126780679
50825573
24478713
539172563
753789653
337490540
1017614893
801830485
328352956
96619511
525462640
248972955
519883724
1006032504
99099013
664296559
960473744
786557906
755845558
937799159
439766789
788515521
1072079449
751359297
249545095
494352616
654659411
744454954
356976621
399954248
462132977
517369191
999810017
477870050
479343357
517287334
257955652
265579842
757222366
781699709
174876424
236032988
468100348
884617386
784240899
330820045
739162840
54174467
81982586
801930108
523258046
133962817
1073538180
1052893966
32364972
418646823
251038086
892335505
803737108
400140977
278893095
937689061
404354469
726608714
776155093
493509041
1043232666
494435544
794070212
99910581
1055870904
1071555371
61997579
872138246
749176882
582313156
1020769350
223420593
712981106
1071565935
491780833
443720891
517906136
605573052
1070986980
216101363
317749624
519229292
724333704
128120367
737600496
370851632
517457857
158777710
529967217
536103615
109428941
477642513
965683518
384611646
556266394
944866383
987720151
625605215
910856210
1064528902
60042487
531830587
620325694
1053182686
586472402
791665509
251063435
235945860
922744923
702803797
1048159022
707085430
812643744
58927682
224424345
245553228
17297293
329373809
1040049129
1008823410
720896419
97862166
342976869
398454967
1035992304
720411684
718980157
955704186
380552742
185414479
247115753
839976546
642204265
193055428
804095000
746703190
505624566
204298778
202179241
83417423
110214017
518029796
965224191
916256608
191943938
247753054
100525099
116288681
826184535
770538999
318491110
400342778
600004111
763547112
730608870
689450782
720755027
696045223
325535533
894790956
247801932
402648800
127088127
1032891994
519958365
1027156894
471072398
517915869
749158966
123626500
466571449
804559240
787845902
730021526
53191820
519613944
192373391
943459872
474037274
801072692
684783113
1028738368
605339301
202864897
268202552
983821322
532982305
771522763
1062039123
424035178
548707025
170228050
90078869
712371118
477898145
975800544
617574635
89776251
391564026
1039074333
173817669
450288984
251606289
180000038
791382763
908106389
455655028
622211713
1073500505
928397399
517913423
667091450
248957765
363484634
40830691
689171595
355538658
975102833
477204151
1010080560
778167264
512698898
533312464
1026842358
653298385
1072348734
711429990
289175323
499806351
451285779
937426827
1058585976
506884851
355665116
797268425
232483581
175880064
251511158
191436006
250989420
667638213
1048510292
411742022
840819921
395972
241094092
748063257
262404957
775137696
265589041
554198527
119169771
668792843
200073434
461515682
431140046
516550366
197641832
506865361
169435187
1063897131
313314652
471353237
396093050
786342874
152533603
247049219
811416157
1018192640
208074371
390340689
85243745
168303942
315255766
607198740
1064816005
455856824
638298103
315602865
1016981891
865599195
639389347
199616407
1054649782
436542916
154171789
729193533
653085190
820649159
983340473
516108077
853664400
799559645
974547877
716575574
179873955
197222778
486189308
951248790
536504699
319355705
759792982
167605677
348504589
787392863
895243088
1056507774
717709124
536792945
969773488
427970706
529733938
861188832
459153786
137102046
201739975
530302679
177971834
1071858501
249650147
912761882
526278299
772167418
231654126
1037649380
266152721
619733360
366047464
49498772
632804778
400079310
1036857069
106874610
240413174
1046158706
245070260
194547478
240385313
884153987
231357560
743110590
607861317
580125637
137547366
173299354
719357921
285984669
794679217
489407517
737713736
87902896
445077192
290187670
253381179
148057947
140984642
256478018
1070916556
1063998270
1033569997
619118478
803134801
785958219
148848555
422661690
458276223
260033735
651509497
408869525
983731795
1056812379
868478111
549770015
1063746738
719034722
699005346
793891831
877484917
790965509
1056550477
376738274
343663669
529587147
373543870
402598820
854700081
805184334
766446377
517824719
919947871
110028941
364693715
710664342
343783125
572009743
234598108
745940485
176426686
10939679
719751965
710431120
1054462392
536014324
186990033
953516695
951064545
953770609
1024181052
793649358
170475473
103050830
102527577
180251533
169836426
71172035
604186376
769312561
6008615
579025833
104248435
133909037
131496938
80518766
747982656
476050936
350955364
430571738
216996600
944047017
948718771
519347023
570095309
661070512
495047101
447930569
461253032
729304381
267690727
622643451
781225676
1070623460
981848466
583765584
187382261
571378113
393996024
438264431
263007769
430555323
998488131
400132032
105939242
398519848
264763661
249883106
1027094965
696720850
771741613
839961429
801382860
918419982
941370940
142873328
521637013
519476948
168085535
758924753
599049857
268427955
400220496
224155004
987182824
498526800
777492760
209195852
909553859
265610646
1020710559
182428169
64505565
505484324
531692862
1054765874
643147499
832827888
850636764
688959271
917191490
218339068
439049029
899589116
128933801
1054249559
250534633
475749555
92122116
481758794
511143206
265686515
754114941
729084684
517883809
483779448
174339803
423993057
560450478
534630233
1054644681
1055770998
1067398858
433647498
239744465
932119083
921216224
1063129506
519201046
82953144
536864484
244604891
508013415
786361042
964196778
480981280
553631959
684850939
451987027
872203638
519860551
468180952
136688339
183522237
711826331
394696792
1039705224
587847282
522452685
439803876
498097943
99719627
1047677480
1059135447
554040865
206758547
230240855
1070933171
745030172
1025676518
802366601
705140020
908944528
540081377
251032197
116370671
566670905
784542225
178297997
235731127
183461737
370567742
113635615
266247812
229795791
1052556237
413032844
802998402
801098602
253205076
1038023317
268330001
158585361
329034211
145094505
346647735
416766341
289707505
196005071
678324323
382365313
932854470
574560174
1058023906
587910684
798031283
361022431
668287900
782233035
1054131135
670345420
470566886
246379958
1066810542
733349081
239467682
114238107
183807682
1060457145
211220862
485147825
1066586375
175034005
778926061
992434451
804508433
972540405
763912795
213837096
708980013
183914969
226520682
507893656
403655946
292909564
509265093
737860172
532437743
815829980
1056725652
196087776
534090934
869952701
145665368
265652273
701235761
437071172
629843650
520251079
381133211
776256698
519675512
136489851
332556514
681742991
721569400
737696461
466004493
263618544
879507212
784638527
422579131
947558942
455388164
929624592
894021775
585691822
574264546
795328832
348943127
1000716200
759842507
860213730
1014412981
910877314
1043500276
535210519
519134027
491791048
881183190
160505182
398441390
215795863
916864998
803462972
674408463
1046997415
602007991
544727970
1056816920
244941569
456763534
224755301
734314685
230274300
773155083
473767752
169631704
689372998
558143114
930768994
641033982
783643636
804700011
721402307
190330809
129358733
233191177
789614196
351406124
749634035
108414788
444241690
323931385
518770817
755422899
813175742
492355807
644167597
94184664
259018830
266697177
560361968
992978749
513722168
1054066158
661023088
532595853
444091358
242788552
918002497
1054362562
415262721
416791346
455752248
563388862
871655792
106403252
75047915
181222987
353115723
675751571
869968667
969957836
486427623
795887970
643250902
215546322
1054030813
535676607
729876141
652196261
256738138
782433133
435896448
764608057
888278327
425055401
1037481942
885792478
957478584
802648636
204957856
22453935
968707068
713068377
174051146
747538554
434388212
707733245
417147684
864680393
219886928
535962557
1050456526
295006716
905537659
475236862
1045276643
264586781
469959752
45760284
873618610
1064087242
707434885
517590466
492580700
785735894
696975838
914012609
59013279
466971675
241603188
227204303
263901582
580246675
693194946
448621356
484400969
803062079
1011998892
777583233
916693427
76286640
172287687
989291686
536346135
879932078
303992155
973240667
634458659
743841468
731245521
1039204337
1038482852
180100856
973176212
248427628
532627069
519092835
835593673
463221388
831319937
757133331
87934035
780962873
786275600
852775409
1056161755
413706795
987311012
166061383
507545737
630279769
350988870
115170205
62134168
638259973
160950053
841971958
840891622
144877644
677121367
259950492
513651497
1053065230
178080980
402636281
764564744
1045318080
123670352
197382035
1047598394
232685937
519214940
802003291
463105720
794352630
802870778
337291802
124016790
43093316
624205162
205143768
766193197
250444416
292205370
203262500
745390758
369251838
786249404
668199090
413304644
250959704
206406983
480857134
44315613
802335082
508269498
454585345
186493190
906748415
1069412130
1044675962
1023027600
950855699
187034688
491416500
468090930
1028532788
952991147
1055811799
247860137
489196483
982746908
483436888
364156622
832541153
262426321
383775858
998349943
518421726
871563880
805165108
1053747543
974117860
1036179214
903474081
651270021
282007719
426158109
84253556
531929016
694143785
123102946
958291882
238979190
975677442
957471742
165475753
702017905
503203837
963633179
784230925
355465079
530290026
387609605
268410082
249029010
1055180727
496286796
698472115
449900175
955544912
572006042
1026061714
885210492
490083542
39160927
114591048
582476112
590937806
787813155
1063288856
1072929019
1006095757
521271141
200534413
10224267
229483720
520093019
226557300
234154551
654540448
375015685
126818523
491201688
626561901
57677629
667989897
418243569
569300857
1069674781
859590328
1034605193
785725321
870589538
721792591
72247552
709152389
181806354
389414523
647780348
460860281
221488996
669977955
551219956
988732469
1056756576
926022296
90198754
932637227
125309261
243624806
915461332
76937941
1064871875
521156543
778690080
785687233
988267165
267846947
803006697
938126544
1032968703
513048206
802211239
581295403
203944437
334596082
593407047
343184911
262281576
348475776
535572276
940711282
760667922
1045970947
137092011
780655149
992439014
96862009
374943821
474944027
249607190
716007477
1073441057
1022531873
705028164
156684498
551291558
417421169
1066685927
488421510
795464920
268389390
601319193
1066506444
266121420
730088284
530013977
251650731
626160549
132672503
580194094
800695458
734941359
509568522
672414581
970974659
520054809
966308981
27698811
632493131
383219759
525282778
384512890
121951742
492659760
523927053
704626677
725834565
785085408
208977605
83056093
915491641
783311296
202503425
431928480
785616704
146440820
66792611
791826106
246133837
468940914
1030666388
715810635
83711986
798334400
645620764
754241300
936736535
671229279
251526495
733362318
710649740
531486386
886085028
738302963
215177951
584376669
979961162
966328338
471115749
508906916
383575291
383123673
766305052
1019182295
681478453
643537727
194641686
331009375
20299149
966033131
106034284
536814026
534574137
926611586
381079240
480501685
227950163
527631826
529076028
454254019
518827233
290447525
721322270
516507119
96486890
383835030
912234081
791843048
285835684
643099230
560186443
339328338
1004848751
246024842
512006125
534574565
249513923
508413005
445675476
131019912
517105174
339847109
465201140
1002310649
786885974
484789832
784265161
651336208
494265100
1046237409
566393116
801498909
535653658
685707467
1022459853
911199783
1060234796
77491782
228945392
341033856
396048572
1033062087
1014308047
22206854
753227911
249001205
451790877
640391342
240752434
783241528
534125332
915667287
989765543
611513939
894151718
1050709039
487960597
718516924
430390411
507209469
266704782
317458342
258935487
581018019
683434497
536729741
676893433
101676566
749972667
267150786
474685702
956842218
157270879
404935040
631615344
736653279
890951417
236838731
1010656450
616520905
282373384
527816637
437530496
257648609
397418345
162530092
648453151
933388481
650567224
116706480
847742422
381857020
318762714
425782217
246756777
940195468
777363594
250237578
1052591403
551271025
911638501
1017068984
997795007
478897293
612481750
268421049
233153621
258686572
820253923
254857219
1027998611
511444427
188423683
31698835
174545819
457845444
737440584
87070492
49772645
805179759
401872417
452128505
1052321132
437569695
265319055
218010743
495102337
466613196
550037457
208268378
404562340
400286470
1054972710
754486989
643086182
265313475
1006603257
715347464
37642897
885523445
803129925
534038186
669663226
796037856
268222752
260021923
212125013
801620028
517908355
796011135
784711443
993759483
484998329
814008913
1053545663
383066529
885893930
282125570
1029933158
761825462
210749397
360849476
114802995
17668541
1033235991
404180806
519198951
1021882561
1054716562
343495446
1073504516
200600792
529387063
1025861898
674800188
247680820
212641744
265806951
714822596
161164245
279052734
463904378
510929533
445851662
645759589
802439319
702396811
1052146815
847616522
968791919
1022250056
536742058
502132724
200401752
713212460
409582751
501614100
431977882
223453334
742066773
741579440
754074775
784205658
562289252
1010030257
931066768
569004394
723115243
548556529
922411469
536215182
498694656
801763511
195047323
1023281479
205381211
520088920
910425854
232085164
695110343
1047946699
802662349
191057529
668829681
54964029
322826231
873908482
244438135
656698946
782688235
1036624364
523891438
1018749941
64606864
737384427
796959915
641836225
352281188
1063262004
735068230
746663046
225357414
532754157
787709027
883271335
1072039111
392291253
643024122
793224776
417219152
1022675775
745343508
804802794
151452953
1072343237
258075654
768759110
676842835
1045298347
266198610
48229442
555748568
227429645
719762050
425752534
793609575
784938058
447624289
1045723688
255696427
519959978
528654901
1073204279
618900226
765532122
1073086486
75857250
23837481
208094470
1073661944
246619860
600082754
244237299
507276802
786339925
1073600428
1073635207
777891778
752677559
525513183
746478623
327251781
247998014
6796863
758874749
257119152
39458399
397786541
978275673
268233941
535595744
446836116
553075593
963239413
981070541
530644880
880797692
81654960
733091384
89393605
264054220
758614603
936074055
182482976
330766256
598262499
753545006
662575243
319993175
796850103
250802818
462799613
796820038
274685501
338404988
181889778
513565322
849157524
118490028
249903702
231513189
234802806
82792193
563424760
1050596826
495774995
147876862
150492092
702846769
524847239
643130611
370930735
483303952
422521562
229530916
362280643
1062734285
804774247
385000951
665102825
194443321
1070224937
444272840
399794405
57698420
98282586
900325364
660045190
566254093
802519222
385138430
1053975292
330893695
747382700
492954267
946681703
584049969
99002812
662136310
1073153768
853274117
705736521
250035473
519158963
209334015
787542107
1056416958
432234207
782474303
772764112
38431102
592894579
726367676
592378626
346605278
522422567
787758809
247820375
689073470
1013855070
190307154
251394802
268433100
15953917
629476970
642952625
122552454
534007749
950404105
92220226
385836529
682097896
260260321
749325153
465368469
529914629
622443430
915268171
1066812535
218899964
1071382433
10942156
785558621
762406328
240318992
479973463
200013256
264683519
699856857
264473671
320497649
218065668
135196215
476629854
81715946
306084913
645521177
370690767
485554845
222761193
488421985
888372148
987248490
804568539
239606296
1018742556
189832018
1053224441
224991458
518999626
285113762
912144254
762179170
770359844
526762689
507321621
503764224
1065842173
536161647
239960762
9428297
265185021
518297180
503940045
511909232
619906351
1012408623
233292556
632412511
246746013
482617929
874341658
315010773
734504598
714790786
1063917119
395148610
49184854
116356301
473228477
1026515951
676687916
706953261
248183178
119818089
772151152
267679702
712090768
903664070
527091464
133510138
300639665
457313915
60386995
197552475
766829227
785827861
1029842611
235124573
499023280
536852589
560137721
354701179
999251597
1056881055
398931222
855010018
305478327
820968533
418921540
485552143
534140909
120361192
226386162
185684751
58293796
510844845
463593433
412057794
636253840
174740311
752342463
786364621
531930926
923246165
1068249606
266550400
114126529
520041333
1036888243
787005691
205517847
215895546
212177897
765922728
634882687
900134941
96433907
723375030
1016977064
448417261
922127580
1049095267
232061136
1027704940
649586091
513566158
292891499
905826293
327762843
785965854
361602489
534701511
514245928
771851515
1035038103
1062955168
536306309
268170193
617825749
487230566
437441515
405749766
730279290
330237082
264785914
478042381
989352921
1065513017
267090855
744603254
902174238
961766152
390263866
1035009439
801584040
1043940089
529430709
1037592403
555698147
264946256
526671829
971022768
17213581
731358391
414973647
787760733
784714043
380359031
970831959
414597975
1052270131
1047184991
267837712
44977892
249094219
194407856
883199785
918225474
63372600
786877303
248903596
886236626
751459848
885089483
431051559
628407292
979539453
534570102
248491634
800382311
149844067
1042064953
786730576
686761253
112079506
463602930
257359303
516750786
915477985
977155794
828111511
230193904
946521312
1055763027
423892221
178671848
838722432
534967272
801682257
702057381
145274558
349138464
527302435
1055389683
59055266
756623056
585204246
349501471
327131596
735809917
177329751
266916637
478665386
895982016
1039747537
574683415
400183125
616229094
649139997
803357107
744498741
786051778
659907576
1072947324
293804352
332423507
781437655
384255501
498154395
112072071
472276976
1040576585
728932573
382804095
801102504
373967123
1014313892
783032199
178842314
146316225
467567518
480157747
264156737
780024761
868679044
700962756
664622719
488202184
145751373
1038339716
519371993
918194255
536264592
180160543
1053631202
385640068
927713434
480727000
788508115
85715644
783737424
733791446
651357060
779108448
124015940
70853360
878538622
245876130
961042039
17348763
454916958
507234714
787547297
787300223
881667321
229232328
248293695
646401682
155081846
1054865274
915926466
88901308
570671436
167087832
784387053
267829734
422313974
43122113
829377979
159459190
214317678
509472653
612679360
633516872
579296929
200239463
914114241
663384021
786020522
1070879188
957400516
488185149
907470822
1054645609
799115373
435345185
363209036
266336133
29527082
804714451
1021829616
676232031
693719220
306145829
424897687
859175145
54738418
384807777
272872045
1068891081
293850686
983031831
1068877000
684422915
779399605
251313122
1056939709
556050092
516377239
750055084
514313311
254304761
681474813
332537414
696599992
102608256
976129449
955481967
871433429
282227312
780955051
2049659
997026105
262950835
745944706
133066304
397054653
611832872
226132114
384093160
265617396
1048606841
10395052
401396977
768799263
520408256
179502235
293512024
420149613
439882809
60977713
175126811
802615142
182766181
224098485
415796311
414410182
921948349
969878517
357473561
1010309850
612147125
801958348
249393542
1036473385
14196395
453476618
802740585
602106194
697951485
379068155
790995914
1042156444
962196490
772207883
1050535201
202798936
499212493
1068759513
839596821
265267825
866198711
90851782
890461155
95578774
760231076
215182457
122299611
928723570
224254804
243895696
1043830705
224311835
349900031
519745326
444547098
784841506
1054456652
854514886
73896599
787859144
536687201
902790289
514452479
243009932
794157465
1051350268
139451661
775229373
174221880
68610027
188226827
81710512
973907143
1054768322
842538723
1071237485
1064930152
600905180
442763572
515217068
1066706425
788073159
650027478
604393862
524808804
779047124
522124907
241058636
444821371
518391183
1026424005
837563019
245732963
879556374
448439983
383151756
215047517
490977988
65271315
349223538
634173439
260045570
316404735
193989898
501200660
90260833
482480362
833568289
1069921592
525314757
1033942893
167097333
1072218421
915571501
930609827
873829189
483462662
206740831
784797904
350017820
733993452
266269077
241257504
792986456
677308518
572752814
962705911
341909751
737844583
441970835
431496531
195929285
718835009
383673340
412406605
801344463
927274292
136037920
340322352
117093873
352159062
380627850
703464300
536843804
241532465
969721495
1049788387
582407152
259280313
522074811
864537240
109978675
368253850
813360782
389959669
263895543
183355468
518896691
467831161
158609688
366658440
381768848
375465163
954076475
1031607103
265716874
318123013
272537255
309632714
506197263
453109346
500494314
778803953
978982455
1042277732
385260220
499812704
179004375
930503535
900686480
208799639
745597699
517349348
931114023
681710229
152503180
484298460
637269641
224067846
242676045
666447580
658892618
164064174
241037899
804121156
445613249
1035839931
279915538
1018666424
978515511
712388480
907037665
514383342
786210975
731041718
247908548
252907600
322819679
882540418
1051045332
636259303
130195668
956290828
767935942
989167290
271909010
924220401
788394979
776911882
1060534560
112945879
737226609
784513892
804968933
645027560
242609231
132621202
28630012
216467713
657912818
876936096
988670104
763162092
483608915
205566560
216799611
1052613544
712046545
126172571
414667008
794556385
481655575
529479380
784782801
358618033
264936830
1071632255
768097432
395806774
510947737
284552001
425632108
1015534809
94714991
784639522
795929523
175686731
26909186
986663401
113244237
456981134
266186885
531315005
187360407
783913261
871528259
915948981
210070116
808312773
59835297
183738078
432355156
566223782
753166310
1068427871
920695604
931494865
242802789
413177921
655063640
594911924
477964357
1051900790
783192660
160924403
1073573780
444853993
184677892
209523102
422521239
966313599
1002318813
1031915024
251131680
496019800
804644207
612056200
858885796
460320918
1002398801
387589985
900334177
654173378
268426708
318598850
1064890849
797780956
330125299
946678441
149653367
706068087
429449158
862734972
221556752
630231442
1031404386
915393996
526374219
529650322
327498149
984974814
867574536
184495791
683635773
8601436
970558649
50089327
920380405
99975124
734847769
782544982
635239753
310392712
993530326
762739450
720623219
463723702
602629826
493188456
758181855
789557881
920516856
193247868
238896039
802349268
907484832
79572550
1062546977
404940426
517407854
761703137
1055096468
788596517
133755122
509863670
535192796
483754335
52357226
423083807
778897314
965132452
104027082
250690095
1043441762
101831689
519020557
718713796
586498478
1049386734
1014371655
343253672
116978238
70225137
763354067
1026940111
1056916726
1060359034
441566554
522894719
508745846
532781463
665613547
477899461
250431062
1054756281
492776862
829007582
202203064
1033106608
942760766
1021692372
777020956
466318587
940417833
1051009949
167769140
999809210
268128966
268667308
298366077
457146789
264105507
871525485
767970289
957772672
353736617
811741342
920608201
847748225
267753391
384818148
1072264164
986772207
514733144
126031739
352537323
785503187
225682815
1058986872
710932199
218065850
232141081
388091079
786033537
1056764817
1062067504
24953456
951771649
799677686
1071112491
765338820
196808635
857361226
992209673
265523485
138018499
939373424
377544524
305139750
284377006
773713269
346269619
659425199
120877772
41505386
536295506
181403646
943633352
153806414
506160584
210692313
536273716
801601771
534234618
786269265
488901073
443904820
413169257
226094133
234363438
953420110
949674138
661470650
268248798
783205533
1032118366
222575819
383047224
249031510
1020564286
59753259
1052687671
478475778
917564104
607748770
341612369
943781215
317135605
1073293460
1054796120
183357780
115771335
218521573
396175947
317597203
266438020
786325231
461367657
569948475
256899796
800775171
531984409
397114325
528307497
688850426
238651372
967057680
243104049
646341743
740068876
777275677
343891828
785684209
1007693302
650758972
191182048
727692670
1015853724
786397008
460207331
135067593
522801745
611049811
672384211
534147878
988246436
889624671
805223906
669341328
267905291
486539088
535256517
177609954
661036993
785248432
465568135
665157083
390042549
1054181028
601871999
762329052
1032181113
239420365
525377224
232064579
802930063
1056634224
918334235
787431757
715092664
733602484
243333767
172876111
752961387
54313180
887906061
68886057
482029274
793838141
986173589
567794345
982685848
525565493
799099091
636428271
371944420
150774410
175270594
509820809
690439421
466697180
716944498
754934456
620727734
980544686
366674610
1045362429
265675464
964839056
881914741
649220848
74989963
220724650
767306492
915711095
128841025
213621463
270364174
719191299
761854474
503239568
801492975
74841694
608088168
928060405
55625820
786932613
534537540
265975804
937085701
517692118
667643512
72998739
1000070890
796751571
786935169
330292682
383251739
383555212
986500416
149718192
348372902
531780049
367687072
670023578
83372641
59248683
1060864886
553038436
121098704
888239106
1049067039
534595450
1020229982
915899619
361708416
436754210
1056397550
512589995
1068302669
530932972
40374228
802261277
845101742
649927302
670431956
915847089
362850604
677085729
248838967
626905583
203318585
1038384690
462796178
229777360
895512219
754898813
509223711
802580658
1071193221
1027040782
1047221260
518941438
191244208
957777604
173848704
487380786
922432313
426054437
381481383
149254386
601513398
344522662
376485533
384949999
470905557
1067298788
303793979
226340644
1055050421
251012586
191961075
767290818
115956473
823021753
981145433
456998272
836614691
157785513
409727777
345424485
469823852
167642807
694830900
1023136640
257530366
996181783
786273503
867959251
337955621
1057370175
1069041934
381933386
187757111
284093529
901552486
568307550
445073334
534989947
127449851
95185207
399820183
268177949
460433743
265474988
244125138
311465125
247510731
618308293
915359814
1071045814
917722165
671423803
800580223
192824245
498424049
562859709
103721099
370981761
507701775
125048796
615296838
775282213
494701265
988200512
962435512
522773211
1073236543
516404252
263597217
424733668
412851972
752182373
461456745
906689767
491997113
896634390
201176023
472610356
690599952
437584627
217930631
227972717
232447407
137269125
627528260
775972069
500065134
499432166
663812498
1059858001
249291773
811989816
1057412101
669691945
644877765
785958534
736691176
312357576
1009283058
211623823
142332273
802810119
507006819
260420739
414311683
96561733
709196660
462214893
120330907
209760332
725289563
533755507
938049521
431354558
232500702
303609551
67597809
446005085
921080674
414937929
516811482
499538684
802641707
378012256
346736342
516987481
70142424
371285822
551089265
228940785
246181625
427726478
534142308
642164975
744908322
513223980
885485823
945486751
710931025
381955767
1027743061
417064890
1067843316
339475702
514186927
340427060
1025403087
485934298
1056189114
359039722
804174410
901691078
911187419
165175053
89286925
803196368
318848398
589757076
1043615251
641832708
117616183
785125855
116455155
907528843
1056353487
1066986767
752443619
172584464
922125019
399819940
427951861
481306292
913648540
232064020
913630329
945792963
797706592
141868534
667187118
267795502
778269914
377326989
495349274
266143203
246183734
280680009
1050077740
769019962
673505796
846712669
416664213
38381581
802502743
204111802
809255891
739507711
955529428
451166167
867423248
207606176
780878711
102388673
848846670
498181894
390888176
264011553
924499846
1073139658
765302290
33949053
777493218
1008506735
397470676
1029737132
1019112999
1056402259
661376522
446710310
977381348
1030868853
522496580
147581937
11554183
266658244
446921239
10220399
249332283
1055981377
122993928
860659016
1070136076
117423638
249306528
503052377
1071463065
843913346
466696039
1051764524
195406110
399483284
1031009835
298645496
359003655
239407835
786327542
130348067
942308099
598762461
1051658736
1065674200
605403506
208554429
995617801
936892679
167090782
198925950
232405520
192412347
718512839
246740090
183660025
502595493
458581862
533944200
409228615
445014046
785772518
593353226
439118280
1024577470
534101922
1012397840
155824722
324877207
534144329
776833100
803558673
864554327
880902546
48505430
249814373
773712534
62877069
1033158795
377944861
496686077
506695530
766667220
182085986
920613964
525187395
936628178
51481009
335068118
238539399
40952598
941146912
575927988
913753445
967172921
973835785
442379317
458976150
6594483
492812946
1056929693
520050243
159475692
347663456
1007590232
260551625
997978083
530409293
22067452
518774132
214515771
1070252033
298898956
1066701731
870493034
773890958
622568402
791381495
267757802
759459331
509603411
1053242233
316025623
968737045
430662600
805233372
1055491881
802580803
980466688
484342036
213559227
1017740738
925442046
715307296
300304349
131511150
1054366569
1068691708
755890323
648464579
251605463
908553112
100073035
644509447
181765230
934579008
592865969
342672379
999011580
974641397
797158647
208840339
761126395
699710817
972634863
81988890
1051988049
489961811
389627238
208372627
444963534
767123385
784549925
850620148
12451779
784581286
803126462
891140698
446554610
137445387
43144252
238966896
209798333
108754059
650917613
316197840
842173128
490122640
202122657
378418007
880275089
75766028
922494398
941457561
532613268
637116007
1045610914
247395532
251662321
462152609
210193848
778593554
222641538
312261521
785685684
175446663
1064422517
447799118
197485171
251438910
605301256
1067409551
452807882
559577000
485873791
80445192
152338670
234309088
180105289
618634634
129422316
400310193
751814761
438013720
233812305
1059981466
550878921
395206218
526862190
495833149
757485642
317275725
785296235
708753032
919233976
195904637
948609268
812498094
455667677
206774475
776446980
961194544
738585468
1054759849
751667153
884372218
1030086150
248603207
471313502
950558648
99725171
626500025
613654515
682321991
460667329
389008080
231063198
619546485
774087674
297269082
679582473
396647556
497830814
515591021
1027449412
366717347
328911960
854424834
133182703
620958825
782709933
866280140
262562430
979358154
1047937482
1055661954
547512912
710975120
356701594
1057472140
783406167
853089511
89110541
214885667
519411711
1013603128
324997294
694025764
140848338
1055758534
1021286752
928643988
241066504
424380472
657386378
788283961
263972321
632028488
492411068
901639069
217922531
516277729
311616201
149221104
404256372
385653554
61917491
109561836
923646912
240575225
523467596
98413812
921924551
446402848
1054692403
506317717
247208085
419000527
964023504
243310693
795843895
376482699
249865425
106941904
637396579
716114844
383848598
543997860
37390577
84993911
252914691
780582075
647017132
301897427
1062628391
417717880
524064452
916560675
262464575
1070910816
936913988
914043774
458490436
706735469
797385660
1069679377
993314702
50759047
257483197
499519897
138446407
332596965
560505734
264079744
780968688
580827360
469621445
25229455
132065220
519194342
604662665
240614649
518578528
244103637
1069940516
229999135
803436720
821077890
229623104
759470935
245757173
764689925
221293186
757170346
1044395349
864135925
550717224
804530582
260210200
528349349
984850590
536394003
451412263
283989975
445055143
1068675675
1051510681
652141852
191791098
443737021
961305224
542040828
503709600
1072774767
672061919
400492478
42057936
447190376
428645702
862269637
660925985
166718491
293368392
506462055
1027386056
371064521
1044894402
462717645
1054342311
580029301
316041106
800436469
947437544
468737783
388504391
642544107
1003675385
620684455
992592476
480080883
156746658
784387293
172107656
70188201
94708181
491955157
686961074
872510786
490596679
452231506
674746278
856651565
535187509
766057409
920197733
706661069
212944692
777238712
43210589
776448583
660434847
217067317
791445784
685126659
517509275
802654414
627181349
1059231688
352897619
531421018
212106504
255177318
600356325
451837260
252374297
858181718
34766563
957734700
267694247
947806734
330586581
709209253
166708935
241940905
652966292
788668970
893907300
1055218303
427389856
597456403
919759211
926438918
126724222
803192557
327166668
249354923
91539157
233660740
766776331
44881122
466968804
33463789
64297620
857630910
516866691
785825366
534178220
950694731
48142394
175538489
239182039
519890201
115568776
883881139
777596529
1029751611
206603986
685877829
1073073961
721474862
2166466
785871696
546816195
310127383
483127330
1061887807
709933002
820955694
1024767327
486098414
897046697
154382088
679192826
743334999
414737102
959073954
988727614
991073184
994142955
86566877
1037655869
775133683
163240702
722454747
339979165
10032040
91911423
918431863
989635686
825636473
483759620
896708555
744157495
414896289
217331128
773863460
642083229
1072312358
263679842
531037660
803268516
734312055
1031217746
1030805427
201110283
1002856642
739194356
377837979
129487638
777506673
110682266
1069739352
897169401
607094707
431898841
493383791
354866764
1054952431
970605761
668665610
158952306
743945276
164915936
793170471
334070212
47266178
618259829
677411358
249800654
392931388
669129672
518009479
500799139
1070891325
1053119159
536855265
251282502
280426402
57518740
13152751
726436379
654411611
482733507
110485810
441796753
469458193
635843550
1072978372
663546778
420056868
756016975
390738154
569675768
781786005
1061653779
472643579
80387826
245697330
478388886
489566910
726636355
113533081
528468449
177664436
1060455396
737145690
1055230175
589149895
140938780
248644127
452917981
633838036
752607322
165422805
597954424
794103654
212777675
248449426
735650246
24224402
631793396
513707100
615525847
887550139
1054043880
993594996
218912349
1001155638
786366959
212769987
897270618
1053490840
207596779
221932453
942304189
479321253
190316029
997474429
600496382
1056558917
478447958
1001294433
875682739
742326404
1071097148
802541990
516773774
982497538
402917895
257648785
784892469
516607739
1071050973
708005201
979967914
784922442
255319681
104386178
389083577
914146548
258980197
421570217
517983161
329668679
425431316
1064277432
542678372
913422626
721523841
903593945
478197594
733446735
1037706609
